
72

((((Bacu_Balaenoptera_acutorostrata:0.0004706785,BbonAUS_Balaenoptera_bonaerensis:0.0006154919):0.0003585608558,((((Bbor_Balaenoptera_borealis:0.0003299656,BedeAUS_Balaenoptera_edeni:0.0003674296):0.0003715715002,Bmus49099_Balaenoptera_musculus:0.0006881259):0.0001575606953,(Bphy_Balaenoptera_physalus:0.0004651649,Mnov_Megaptera_novaeangliae:0.0008967779):0.00018394446):4.126727019e-05,Erob133443_Eschrichtius_robustus:0.0011814682):6.268266397e-05):0.0003124759038,Cmar59905_Caperea_marginata:0.0017649068):0.0001927321195,(((Bbai76728_Berardius_bairdii:0.0012336720,(((Hamp_Hyperoodon_ampullatus:0.0008380919,((Mbid_Mesoplodon_bidens:0.0009753791,((Meur_Mesoplodon_europaeus:0.0006092594,Mmir_Mesoplodon_mirus:0.0006712858):8.432417921e-05,Mgin_Mesoplodon_ginkgodens:0.0005759052):0.0001947448948):3.659580216e-05,(((Mbow_Mesoplodon_bowdoini:0.0005643562,Mcar_Mesoplodon_carlhubbsi:0.0005264286):7.669540176e-05,MlayAUS_Mesoplodon_layardii:0.0005504788):9.794467578e-05,((((Mden_Mesoplodon_densirostris:0.0006521376,(Mper_Mesoplodon_peruvianus:0.0005071922,Mpni_Mesoplodon_perrini:0.0004625384):0.0001116603094):5.561154222e-05,Mste_Mesoplodon_stejnegeri:0.0005220566):8.752036935e-05,MgraAUS_Mesoplodon_grayi:0.0008195383):5.840071675e-05,Mhec_Mesoplodon_hectori:0.0007731292):0.000105287727):9.193177607e-05):0.0002022674978):0.0001075753947,Zcav_Ziphius_cavirostris:0.0012120045):6.548580965e-05,Tshe_Tasmacetus_shepherdi:0.0009210411):0.0002414684715):0.00122099367,(((((((((Ccom40_Cephalorhynchus_commersonii:0.0004445628,(Chea7320_Cephalorhynchus_heavisidii:0.0002416046,Laus_Sagmatias_australis:0.0002087316):5.002866206e-05):0.0001158968475,(Lobl_Sagmatias_obliquidens:0.0001779991,Lobs_Sagmatias_obscurus:0.0001596059):0.0001550705911):3.551184936e-05,(Lbor_Lissodelphis_borealis:0.0003174066,LperAUS_Lissodelphis_peronii:0.0002289260):0.000137812497):0.0002240401532,((((((DdelSJR_Delphinus_delphis:0.0002180898,(Lhos452_Lagenodelphis_hosei:0.0002433166,(Scly1726_Stenella_clymene:0.0001895941,Slon24923_Stenella_longirostris:0.0001851517):5.793951553e-05):1.867907458e-05):4.330567919e-05,Scoe_Stenella_coeruleoalba:0.0002537786):1.296806672e-05,((Satt18473_Stenella_attenuata:0.0002079720,Sfro7784_Stenella_frontalis:0.0002169214):9.652030566e-05,(Tadu79924_Tursiops_aduncus:0.0002957584,Ttru_Tursiops_truncatus:0.0011356743):2.628808324e-05):2.114912833e-05):7.150918751e-05,Schi_Sousa_chinensis:0.0004014363):6.57679058e-05,Sflu9837_Sotalia_guianensis:0.0003736981):0.0001215358923,((((((Fatt_Feresa_attenuata:0.0003134015,Pele_Peponocephala_electra:0.0002670085):5.183282917e-05,(Gmac39091_Globicephala_macrorhynchus:0.0001529713,Gmel_Globicephala_melas:0.0002108073):0.0001209890102):4.124947907e-05,Pcra123188_Pseudorca_crassidens:0.0003081084):6.29209001e-05,Ggri_Grampus_griseus:0.0002930430):9.16996467e-05,Sbre116871_Steno_bredanensis:0.0004262766):8.340267044e-05,(Obre_Orcaella_brevirostris:0.0003265614,Ohei_Orcaella_heinsohni:0.0003532078):0.0002229886306):6.396874876e-05):5.077825031e-05):7.374905896e-05,Lalb_Lagenorhynchus_albirostris:0.0006216266):3.68009746e-05,Oorc_Orcinus_orca:0.0005219813):8.865726679e-05,Lacu_Leucopleurus_acutus:0.0006838541):0.0004720001879,((Dleu_Delphinapterus_leucas:0.0007962117,Mmon_Monodon_monoceros:0.0011759146):0.0005492511928,(Npho_Neophocaena_phocaenoides:0.0007312012,((Pdio_Phocoena_dioptrica:0.0002094720,Pspi_Phocoena_spinipinnis:0.0003989842):0.0001992394086,Ppho_Phocoena_phocoena:0.0003695848):0.0001317053644):0.0007110440507):0.0003032303868):0.0004172861261,((Igeo_Inia_geoffrensis:0.0017442316,Pbla7349_Pontoporia_blainvillei:0.0018843547):0.0003659924592,Lvex_Lipotes_vexillifer:0.0022023676):7.324560235e-05):0.0005463314892):0.0002864780397,((Kbre_Kogia_breviceps:0.0006218429,Ksim_Kogia_sima:0.0007858451):0.001258039487,Pmac_Physeter_macrocephalus:0.0013009708):0.001061437435):0.001043730206,(Bmys_Balaena_mysticetus:0.0004540605,(EausAUS_Eubalaena_australis:0.0002698194,(Egla13086_Eubalaena_glacialis:0.0001416905,Ejap43864_Eubalaena_japonica:0.0001868574):8.901690357e-05):0.0002761829443):0.0007224104443);

0.000192732 0.000312476 0.000358561 0.000470679 0.000615492 6.26827e-05 4.12673e-05 0.000157561 0.000371572 0.000329966  0.00036743 0.000688126 0.000183944 0.000465165 0.000896778  0.00118147  0.00176491  0.00072241  0.00045406 0.000276183 0.000269819 8.90169e-05 0.000141691 0.000186857  0.00104373 0.000286478  0.00122099  0.00123367 0.000241468 6.54858e-05 0.000107575 0.000838092 0.000202267 3.65958e-05 0.000975379 0.000194745 8.43242e-05 0.000609259 0.000671286 0.000575905 9.19318e-05 9.79447e-05 7.66954e-05 0.000564356 0.000526429 0.000550479 0.000105288 5.84007e-05 8.75204e-05 5.56115e-05 0.000652138  0.00011166 0.000507192 0.000462538 0.000522057 0.000819538 0.000773129    0.001212 0.000921041 0.000546331 0.000417286    0.000472 8.86573e-05  3.6801e-05 7.37491e-05  0.00022404 3.55118e-05 0.000115897 0.000444563 5.00287e-05 0.000241605 0.000208732 0.000155071 0.000177999 0.000159606 0.000137812 0.000317407 0.000228926 5.07783e-05 0.000121536 6.57679e-05 7.15092e-05 1.29681e-05 4.33057e-05  0.00021809 1.86791e-05 0.000243317 5.79395e-05 0.000189594 0.000185152 0.000253779 2.11491e-05 9.65203e-05 0.000207972 0.000216921 2.62881e-05 0.000295758  0.00113567 0.000401436 0.000373698 6.39687e-05 8.34027e-05 9.16996e-05 6.29209e-05 4.12495e-05 5.18328e-05 0.000313401 0.000267008 0.000120989 0.000152971 0.000210807 0.000308108 0.000293043 0.000426277 0.000222989 0.000326561 0.000353208 0.000621627 0.000521981 0.000683854  0.00030323 0.000549251 0.000796212  0.00117591 0.000711044 0.000731201 0.000131705 0.000199239 0.000209472 0.000398984 0.000369585 7.32456e-05 0.000365992  0.00174423  0.00188435  0.00220237  0.00106144  0.00125804 0.000621843 0.000785845  0.00130097

  1997.94   1096.16   125.228  -1005.31 -0.625568   1280.32   579.921   -1045.2  -68.5106   1012.15  -1357.34  -67.8257  -1450.01  -1173.56    -51.04    -69.85  -82.2479  -113.797  -869.861  -79.2529   2276.98  -517.513   952.838   2549.86  -74.8496   2067.77  -41.4042   -39.043   1549.87  -299.283  -1086.11  -27.1705   213.092  -10881.4  -17.5059   -2727.9  -3745.19   9.59377  -14.1282  -1596.48   -899.83  -4832.56  -2442.23   127.964  -1561.26   -1484.8   -2890.6  -2766.48  -1425.79  -9567.26   -5.3965  -2937.32  -386.017   26.4421  -222.552  -6.58828  -15.1293  -27.7094  -29.2253  -68.5796  -1706.12  -1298.11   3519.02   18493.5   3085.94   1713.44   1726.94   1700.84  -830.625   325.751   -827.91  -877.026   2028.49  -568.322   4499.44  -237.053   -895.05  -637.031   5092.17   2418.17   822.128   3222.77   3299.19   2024.61  -1080.85   4295.05  -1087.06   1502.83  -623.236  -599.463  -602.507  -3532.27   2202.77  -707.621  -519.184    1809.8  -938.022  -191.791  -925.933  -982.106   2847.15   3451.29   3749.67   2261.36   1662.56   1584.34  -918.274  -716.658   2666.41      4363  -637.452  -778.934  -627.335  -915.663  -1164.38  -762.125  -921.493  -1290.63     -1143   -3.6836   1062.18   237.518  -192.315   -153.64  -126.242  -207.012  -309.487  -528.325  -580.039  -940.467  -958.598   6959.82   531.567  -142.697  -149.679  -132.212   98.0912  -94.4711  -1139.35  -113.086  -110.596


Hessian 

 -4.8375e+09 -1.85983e+08 -4.71316e+06 -1.12733e+07 -2.58862e+07 -6.80414e+07 -1.07429e+08 -4.34078e+07 -4.32348e+07 -1.55963e+07 -1.91786e+07 -2.90392e+07 -2.95623e+07  1.35815e+06  4.19264e+06 -3.01976e+07 -1.05749e+06 -2.88656e+07  -3.2878e+06 -1.47317e+07      -438285 -2.00306e+07  4.34887e+06  3.77349e+06 -1.97213e+07 -2.57002e+07 -1.10945e+07  7.38495e+06  2.08938e+06  5.26528e+06 -4.10099e+07 -3.92238e+06  6.25803e+06  -2.0437e+07   1.3994e+06 -2.12273e+07  4.81123e+06  3.03873e+06 -6.25356e+06 -1.23462e+07  8.39742e+06  8.31102e+06  -5.7103e+07  7.95497e+06  8.01092e+06 -1.08771e+07   8.4757e+06 -2.58712e+07 -2.59025e+07  8.45824e+06  6.66433e+06  8.39017e+06  7.42087e+06  7.95433e+06   4.6783e+06      -445723  5.06495e+06 -1.34875e+07  2.54317e+06 -2.12461e+07 -3.28886e+07 -1.51348e+07 -1.62625e+08   8.0556e+06 -2.01797e+07  -6.3441e+07 -2.38366e+07  8.60857e+06 -1.59651e+07  8.23562e+06  7.01114e+06  8.30586e+06  8.33912e+06  8.14195e+06  8.19155e+06  8.11388e+06      -805458 -1.13503e+07  7.80908e+06   8.5635e+06 -7.63598e+07  8.64127e+06  8.42687e+06   8.7222e+06 -1.48682e+07 -1.03089e+07  7.88993e+06 -1.04397e+07  8.31184e+06 -1.22481e+07  7.89726e+06  8.69317e+06  7.66534e+06  8.20529e+06  8.19186e+06   -1.856e+08  7.99355e+06  6.53982e+06  8.21409e+06 -3.77803e+07  1.80189e+06  8.27757e+06 -4.36515e+06  8.46538e+06 -7.07187e+06  7.68261e+06  8.09198e+06  7.39634e+06  8.25063e+06  8.30828e+06  6.04443e+06  4.44827e+06  6.12838e+06   8.4521e+06  8.34026e+06  8.39338e+06  8.04422e+06  2.86105e+06  -5.8529e+06 -1.43337e+07  4.08386e+06 -3.83228e+06 -1.75588e+06  5.60523e+06 -5.30744e+06   5.4975e+06  8.34758e+06 -3.98308e+06  -4.3046e+06  7.09305e+06  7.87998e+06       152833 -2.57434e+07 -2.70873e+06 -5.86168e+06 -3.60266e+06 -8.82947e+06 -1.37628e+07  -2.2289e+06 -2.31279e+07      -159782
-1.85983e+08 -3.04548e+09 -4.08522e+07 -1.02978e+07 -1.44121e+07 -1.11586e+08 -9.99383e+07  -1.4315e+08 -1.09724e+08 -1.78435e+07 -1.11651e+07 -4.64387e+07 -7.50643e+07 -4.42711e+07 -3.01987e+07  -5.3607e+07 -1.04135e+07 -1.90632e+07 -8.70861e+06   -1.192e+07 -6.41476e+06  3.95964e+06 -1.61529e+07  1.98796e+06 -1.14541e+07 -1.47122e+07 -1.95192e+07  2.18415e+06 -2.27217e+07 -3.98125e+07 -6.59645e+07 -5.16035e+06 -7.84266e+06 -6.05901e+07  2.63754e+06 -8.92654e+06  4.65869e+06      10141.9 -6.52668e+06 -7.05721e+06 -1.42807e+07  2.23046e+06 -1.64699e+07  3.67372e+06 -5.01739e+06 -1.01703e+06  7.42957e+06  7.44026e+06  7.12976e+06  6.71571e+06  5.05743e+06  7.39207e+06      -778319 -3.38506e+06 -5.69151e+06  1.09554e+06 -3.17361e+06 -7.79256e+06 -1.29616e+06 -1.90437e+07 -1.79009e+07 -2.52225e+07 -5.23766e+07 -6.80124e+07   7.9998e+06 -2.67991e+07  1.50302e+06  8.60458e+06  -2.9576e+07 -5.47688e+07  7.15623e+06 -7.05873e+06 -2.89461e+07 -9.71779e+06 -1.15298e+07 -2.22072e+07 -6.88835e+06      -600612  -2.9508e+07 -3.65913e+06 -3.44794e+07  6.20439e+06 -7.38718e+06  8.72353e+06  7.43734e+06  8.64188e+06  7.45635e+06  8.54445e+06 -3.36518e+06  6.82531e+06  -4.2206e+06  8.81586e+06  8.54868e+06 -1.85775e+07 -4.84226e+06  8.26708e+06      -781186   3.7725e+06       258959  -6.7672e+06  8.53069e+06 -4.12144e+07 -3.86373e+07  8.61046e+06 -1.02451e+08   7.8293e+06       809903 -5.31369e+06 -3.70138e+07  8.36231e+06  6.93882e+06 -1.62185e+07   5.5474e+06 -1.15926e+06 -1.62431e+07  6.46302e+06 -1.44685e+06 -2.25858e+06 -2.15336e+07  6.69051e+06 -2.99277e+07  3.69321e+06 -1.23675e+07  5.40741e+06 -5.50923e+06  -3.6312e+06  6.88621e+06  8.38896e+06 -4.35919e+06 -1.41587e+06     -9498.43      -710967 -1.03927e+07  -6.0124e+06 -8.38257e+06 -4.26386e+06  -8.9893e+06 -8.95205e+06 -6.19169e+06 -3.20013e+06 -9.80869e+06
-4.71316e+06 -4.08522e+07 -2.36199e+09 -9.20174e+07 -1.84153e+08 -5.18555e+07 -2.09496e+07 -2.07023e+08 -8.82036e+07  -1.3072e+07 -1.46763e+07 -4.48732e+07 -1.72917e+08  -8.0359e+07 -2.75544e+06 -1.62683e+07 -6.51119e+06 -1.78073e+07 -1.05025e+07  1.44886e+06  7.71789e+06  7.40154e+06   7.1055e+06  1.39059e+06 -3.56022e+06 -3.63584e+06 -6.36762e+06  3.40726e+06 -4.14684e+06  2.06266e+06  7.61065e+06  1.90564e+06  3.68374e+06   8.4375e+06  -1.8598e+06  8.26902e+06  8.21434e+06 -1.01219e+06  2.32826e+06  6.18061e+06  6.98755e+06  8.44951e+06  8.26715e+06  6.33817e+06  7.78453e+06 -2.36095e+06  1.97511e+06  4.06678e+06  3.78268e+06     -19567.3 -1.03798e+06     -75047.2 -9.64457e+06  7.92954e+06 -2.52339e+06  4.00481e+06  2.47409e+06 -4.75112e+06 -1.77818e+06 -2.37073e+06 -1.18439e+07 -7.07133e+06  8.43588e+06 -1.63941e+07  8.37329e+06   8.0741e+06  5.47063e+06      -356643   7.0443e+06  8.33737e+06 -3.43747e+06  2.37437e+06  8.41811e+06  8.05129e+06  8.15272e+06  1.54093e+06  7.53585e+06  7.84075e+06  8.52884e+06      -459177 -5.38179e+06  7.83577e+06  8.68758e+06      -948833       686561  8.48568e+06 -1.54211e+06 -2.35961e+06  3.80073e+06   8.0197e+06 -1.52825e+07  8.59983e+06 -1.18207e+07  4.02498e+06  8.02455e+06  8.36981e+06  8.02397e+06  6.59282e+06  5.09087e+06  -3.0343e+07 -1.49222e+07  1.46257e+06  8.30207e+06  8.06085e+06  8.35242e+06  7.05716e+06  8.10739e+06 -1.06855e+07 -1.45804e+07 -6.80929e+06  7.88859e+06   4.6451e+06 -4.58216e+06  1.28994e+06 -2.92867e+07 -1.34565e+07 -1.28382e+07  6.34964e+06 -4.40001e+06  5.07385e+06  4.06144e+06  1.41591e+06  -2.0044e+06  1.41727e+06 -4.62861e+06  6.82004e+06  3.09851e+06  3.21984e+06  3.00946e+06  4.63739e+06  1.77652e+06 -1.20071e+07  -1.5772e+07  2.67814e+06  2.85735e+06      -123381 -7.08432e+06  3.57975e+06  1.52236e+06 -3.73331e+06  3.31579e+06
-1.12733e+07 -1.02978e+07 -9.20174e+07 -1.80002e+09 -3.13904e+06 -1.07252e+07 -5.17437e+07 -1.58635e+07  -3.2907e+06      -510952 -7.00994e+06 -7.11722e+06 -1.19228e+08 -1.34126e+08 -5.23178e+06 -2.97031e+06 -1.08155e+06      -918635 -4.68176e+07  2.85089e+06  2.06056e+06  6.41481e+06      -381668 -6.12983e+06 -8.74804e+06  6.97545e+06 -1.65917e+06  4.43707e+06  4.30753e+06  6.77607e+06 -1.86701e+07  2.92203e+06       143006  7.54336e+06 -2.80363e+06  6.57701e+06  7.03161e+06      -362347       878629      -517930  6.40198e+06  7.37279e+06   7.3922e+06      -552796  6.98499e+06  6.79738e+06 -1.25802e+07  7.40541e+06  7.03505e+06  7.56311e+06    2.987e+06  6.98527e+06  2.51297e+06  6.82211e+06  6.37086e+06       829234  6.63754e+06  1.30761e+06     1.06e+06  5.55678e+06  2.00045e+06  3.74333e+06   7.5304e+06  3.26291e+06  7.10361e+06  7.11086e+06 -3.62062e+07  7.07246e+06 -1.94221e+06 -4.47939e+06  7.02443e+06 -9.27303e+06  3.27321e+06  6.84954e+06  7.18267e+06   1.3572e+06  1.66171e+06  5.94767e+06  7.25761e+06 -2.79633e+07  7.06762e+06  6.68811e+06  7.04109e+06  7.48872e+06  6.95708e+06  7.13521e+06 -1.53188e+06  7.59008e+06 -3.73763e+06   7.1355e+06 -6.16423e+06 -9.36696e+07  7.10748e+06 -3.31506e+06 -2.60701e+06  6.76093e+06 -7.47455e+06  5.93749e+06 -1.14775e+06    -1.77e+06  7.31313e+06  7.32288e+06  5.55703e+06  7.51127e+06  5.48502e+06  7.34313e+06  6.91309e+06  2.31116e+06  7.23474e+06   6.9868e+06   6.9882e+06      -340490  6.82998e+06  7.00348e+06 -1.28683e+07   6.9862e+06  1.02789e+06    6.968e+06  3.21569e+06  6.73965e+06  5.27754e+06  5.92812e+06  3.37064e+06 -1.25287e+06  3.20786e+06 -5.84864e+06  7.18761e+06  7.37076e+06  7.20983e+06  6.11471e+06 -7.64607e+06 -2.12043e+07  5.64204e+06  3.24491e+06  4.21644e+06 -8.89581e+06  2.23239e+06  2.02348e+06  3.11475e+06  2.56021e+06 -1.40513e+06
-2.58862e+07 -1.44121e+07 -1.84153e+08 -3.13904e+06 -1.42619e+09 -1.66717e+07  -9.0129e+07 -6.54869e+07 -9.48257e+06 -5.66899e+07 -4.09284e+07  -2.6494e+07 -4.94957e+07 -1.12907e+07 -5.28812e+06 -1.37141e+07 -9.28487e+06 -5.18078e+06 -3.32915e+07 -2.74928e+07 -7.56214e+06 -1.77544e+08 -1.69571e+07 -9.60462e+06  1.37415e+06 -2.70202e+06  5.54987e+06 -4.11801e+06 -2.65696e+07 -1.64276e+07 -3.56583e+07 -7.04231e+06  7.78467e+06  2.31595e+06      -982303 -3.03429e+07 -1.36366e+07 -2.87252e+06 -1.15575e+06 -8.24363e+06      -931519  6.71717e+06 -3.97224e+07 -6.08132e+06 -1.36888e+07 -1.66682e+07      -574001 -2.60719e+07  3.14522e+06 -5.44906e+07      -829032 -1.94683e+07  -3.0445e+07  2.68123e+06 -5.72393e+06 -5.09548e+06 -1.60906e+06 -1.43334e+06 -1.11734e+07  1.49707e+06 -2.98137e+06      -837954  6.83184e+06 -6.51493e+07 -1.05203e+07 -1.35756e+07 -4.01825e+07 -4.71988e+06 -1.39937e+06 -2.81594e+07 -1.94809e+07      -311242 -2.77122e+07 -3.10802e+07  7.04451e+06 -7.70259e+06 -3.70312e+06 -1.09208e+07  4.65348e+06 -5.13427e+06 -3.98178e+07  4.20396e+06  1.51598e+06 -2.36631e+07 -2.75793e+07       553247 -1.55095e+07 -5.11749e+07 -2.03877e+07 -7.88264e+06      -605720   -5.634e+07      -770980 -3.28151e+07 -7.56809e+06 -1.16191e+08 -9.51694e+06  2.19666e+06   -2.879e+07 -1.04272e+07 -2.87485e+07 -1.45751e+07 -2.53779e+06       972520 -4.45117e+06  6.25922e+06  -3.2297e+07 -1.69031e+07 -2.85112e+07 -3.56107e+07 -4.96498e+07 -2.38109e+07 -9.03225e+06  3.16069e+06 -2.06151e+07 -1.57731e+07 -3.30606e+07 -1.21617e+07 -9.12907e+06  -5.5109e+06  -3.8787e+06  -5.7038e+06      -614470  1.41346e+06       974380  -1.1879e+06 -7.21791e+07 -5.36342e+06 -1.04197e+07 -5.97525e+06 -1.01134e+07  7.17165e+06 -1.12689e+06 -2.15768e+06       895220  3.44427e+06   5.6753e+06 -3.72437e+06      -233322 -1.85622e+07   3.7608e+06
-6.80414e+07 -1.11586e+08 -5.18555e+07 -1.07252e+07 -1.66717e+07 -1.41266e+10  -9.6947e+08 -1.93596e+08 -1.88503e+08 -4.29784e+07 -4.93674e+07  -9.1322e+07 -7.10534e+07 -4.57075e+07 -5.62714e+07 -3.01733e+07 -3.05412e+06      -246302   5.5783e+06  3.63577e+06  7.92404e+06 -6.07689e+06  7.97602e+06  -1.0892e+07 -2.12551e+07 -1.32291e+07 -1.78327e+07  3.54923e+06 -9.59354e+06 -1.13991e+07  8.09558e+06  6.04624e+06  8.34177e+06  8.56399e+06  6.60947e+06  8.55053e+06  8.45712e+06  5.13068e+06  4.22314e+06  3.94489e+06 -1.25361e+06  8.60248e+06  7.01633e+06  6.58083e+06  8.32306e+06  7.72508e+06  6.67697e+06  8.08123e+06 -1.69352e+08  5.54599e+06  4.42494e+06  8.46103e+06  7.69598e+06 -2.57868e+07 -2.59629e+06  4.83123e+06  3.81511e+06  3.36437e+06 -1.21891e+07  6.22293e+06  -2.9234e+07 -3.57097e+07  8.57618e+06  8.77338e+06  1.09304e+06  5.48951e+06  2.39562e+06  8.75767e+06  6.67385e+06  8.60523e+06   3.1519e+06  8.44315e+06  -8.4029e+06  3.27529e+06  8.31855e+06   2.5493e+06      -519953  2.33177e+06  8.63069e+06  7.06974e+06  7.02661e+06   8.8133e+06  6.81124e+06  6.75077e+06  8.32381e+06  5.92269e+06 -1.44071e+07  6.65409e+06  8.37916e+06   8.4219e+06 -1.01436e+07  5.64862e+06 -4.41067e+07  4.50268e+06 -3.69426e+06    8.333e+06 -1.87129e+06  6.97724e+06  7.70102e+06  6.51279e+06  3.70008e+06  4.00644e+06 -3.26257e+06  8.74386e+06 -5.59412e+06  8.65595e+06  8.33249e+06 -1.39304e+06  8.53117e+06       114724  6.31028e+06  4.65983e+06  6.42658e+06  6.87037e+06 -3.30591e+06 -1.51365e+06 -3.26306e+07  3.64185e+06 -2.14845e+07 -1.80782e+07  8.06894e+06  7.40326e+06  4.05341e+06  5.60756e+06  8.38991e+06  8.16857e+06  -1.1231e+07 -1.13617e+07 -2.40991e+07  7.44837e+06  7.46109e+06  8.44267e+06  6.49578e+06 -4.75595e+06 -2.72767e+06  1.74043e+06      73727.7 -4.11599e+06 -2.31169e+07 -1.21535e+07  5.69114e+06
-1.07429e+08 -9.99383e+07 -2.09496e+07 -5.17437e+07  -9.0129e+07  -9.6947e+08  -1.9384e+10 -3.91192e+08 -1.38354e+08  2.80738e+06 -1.23831e+08 -3.93838e+07 -2.90596e+08 -6.26652e+07  -2.0554e+07 -2.95788e+07  3.75175e+06 -5.69825e+07 -8.55116e+06 -8.33978e+07  7.91234e+06 -5.64576e+07   7.8939e+06  4.69586e+06 -3.09334e+07  8.16804e+06 -4.80097e+06  3.40607e+06 -9.38741e+07  8.01106e+06  7.38593e+06  1.76373e+06  8.37566e+06  8.51869e+06  2.06911e+06  8.04034e+06  8.49897e+06  -3.0277e+07  4.39943e+06  5.48055e+06  7.95239e+06  8.04148e+06 -2.99978e+08 -3.40217e+07  7.18281e+06  -6.9505e+06  4.66998e+06  8.63238e+06  7.92301e+06  5.53008e+06 -2.96311e+07  5.39304e+06  8.05719e+06  -4.4935e+07 -1.03168e+07 -2.32089e+07 -2.16652e+06 -1.15914e+07  4.37242e+06 -8.60138e+06  7.96238e+06 -3.50888e+07   8.1127e+06  -3.8681e+07  8.61816e+06       761807 -1.29941e+08  8.67771e+06  7.31958e+06  8.64737e+06  8.19021e+06 -1.52212e+07   8.5183e+06  8.37185e+06  8.15702e+06 -5.78034e+06  7.48631e+06   8.2215e+06  7.60295e+06 -7.30486e+06 -8.27824e+06  8.77164e+06       633360  8.71788e+06  3.50508e+06 -3.07692e+06 -1.27279e+07  8.53484e+06 -1.24133e+08 -1.17348e+07  4.26599e+06   -5.712e+07  8.35159e+06 -6.29249e+06 -6.46224e+06 -8.26761e+07   5.3727e+06  6.70913e+06 -5.97063e+07  8.17125e+06  8.60975e+06  8.68604e+06  8.61396e+06  8.70696e+06  8.42294e+06     8.44e+06   8.3142e+06  8.11574e+06  8.45479e+06  8.29436e+06  8.07832e+06  1.69029e+06  8.45826e+06  6.15652e+06 -9.88913e+07  8.33404e+06 -1.90332e+07 -3.00343e+07 -4.70356e+07  5.46345e+06 -8.14387e+07      29192.1  6.31432e+06  5.33629e+06  7.80459e+06  1.60952e+06 -1.27822e+07 -8.96487e+06 -9.31043e+06  7.33408e+06 -6.00028e+07      -718057     -89769.2  5.15615e+06  3.87052e+06      -677765  -8.4556e+06  6.27481e+06  2.67141e+06 -4.03626e+06  4.42912e+06
-4.34078e+07  -1.4315e+08 -2.07023e+08 -1.58635e+07 -6.54869e+07 -1.93596e+08 -3.91192e+08 -5.54266e+09 -1.21451e+08 -7.61812e+07 -6.49017e+07 -8.51226e+07 -6.03831e+07 -2.58155e+07 -2.09103e+07  -9.7254e+07 -9.67518e+06 -2.78434e+07 -1.19588e+07 -1.60795e+07 -2.85395e+07  -3.5264e+07 -5.36146e+06 -3.24599e+07 -6.34438e+06 -3.35601e+07      -773328 -7.85873e+06  8.42825e+06  8.42292e+06    7.601e+06 -7.12257e+06  8.56692e+06  -3.2272e+07      -340842  1.19326e+06  7.98507e+06 -2.52891e+06 -6.36269e+06 -1.46365e+07 -6.44318e+07  6.38621e+06 -7.30329e+07 -4.13228e+07 -9.57929e+06  5.86279e+06 -3.55005e+06 -6.50394e+06  7.99309e+06  -9.4291e+07  6.90768e+06 -7.99966e+07  7.62055e+06   1.0407e+06  3.21112e+06 -1.76922e+07  3.40925e+06  1.20229e+06 -2.48601e+07 -1.12659e+07  8.07119e+06 -2.25498e+07  7.99876e+06 -1.12797e+07 -2.72248e+07 -1.32917e+07 -1.61731e+08  8.47274e+06       239161 -1.49335e+07  7.98504e+06 -1.55578e+07  8.23087e+06      -577259 -3.79903e+06  8.02511e+06  3.22072e+06  7.79516e+06  4.69294e+06   7.7861e+06 -6.41036e+07  5.73692e+06       398944  8.56511e+06 -1.85423e+06 -7.62576e+06 -1.90632e+07 -1.34915e+07 -1.02099e+07 -1.18757e+07  -6.1955e+06 -8.43399e+07  4.74274e+06 -2.18212e+07 -1.42165e+07 -1.08489e+08 -9.19252e+06  7.08604e+06 -3.99894e+06 -2.03512e+07  8.45335e+06 -2.31439e+07  8.50924e+06  4.02026e+06   8.5002e+06  -3.3052e+07  5.58197e+06 -2.37515e+07   8.3887e+06 -5.21968e+06 -4.26629e+06  5.57273e+06  4.08904e+06 -6.17587e+06 -1.28426e+07 -7.54473e+06 -8.89914e+06  6.33786e+06  -1.4175e+07  -2.4449e+07 -1.55167e+07 -3.34835e+06       833613   4.5013e+06 -1.05799e+07      -660812 -2.18353e+07 -2.02288e+07 -1.64772e+07  6.84074e+06       134299  6.53004e+06  7.62081e+06  1.87081e+06 -1.87685e+06 -1.25415e+06       432274  1.04193e+06 -6.56251e+06 -3.53579e+06      -527224
-4.32348e+07 -1.09724e+08 -8.82036e+07  -3.2907e+06 -9.48257e+06 -1.88503e+08 -1.38354e+08 -1.21451e+08 -2.52261e+09 -7.62075e+07 -4.91233e+07 -1.95855e+07 -8.39302e+07 -5.61363e+07 -2.67743e+07 -3.90324e+07 -5.37857e+06 -1.33477e+07 -1.69361e+07 -2.47761e+07 -5.14934e+06 -3.69541e+06   4.0363e+06 -2.94537e+07 -7.78175e+06 -2.34254e+07       465243       487524 -2.78643e+06 -3.50441e+07  7.77474e+06 -3.94477e+06  8.48675e+06  8.16319e+06  4.02249e+06  3.68992e+06 -1.22354e+06 -2.24111e+07 -5.78774e+06 -9.74084e+06 -3.48992e+07 -1.96346e+07  7.46699e+06 -6.61152e+06 -5.48619e+07  -1.0209e+07  7.45019e+06  6.09469e+06  8.09693e+06 -9.56395e+07  4.63086e+06 -9.32929e+07      -130785       383265 -8.26954e+06       867897      -196502 -5.65035e+06 -5.02954e+06 -9.39313e+06       891294 -3.10186e+06  8.03514e+06 -6.40528e+07  4.51917e+06 -3.77148e+06  -2.3205e+07  6.39228e+06  2.79843e+06  8.31907e+06  7.79154e+06  7.99041e+06 -7.52028e+06 -7.06436e+06 -3.69812e+06 -9.75614e+06 -1.84498e+06 -2.76105e+06 -4.62976e+07 -1.19636e+07  8.43656e+06  3.01573e+06  6.77335e+06  8.53618e+06 -1.64933e+07 -6.06469e+06 -1.61585e+07 -2.14476e+06  4.41679e+06 -1.64865e+07 -3.35062e+06  8.56932e+06  4.71885e+06 -1.17552e+07 -2.52539e+07  8.26069e+06 -7.48992e+06   6.3055e+06 -4.43423e+06 -5.90807e+07 -7.91113e+06 -3.88161e+07  -2.0985e+07  8.45025e+06  8.41598e+06 -1.26355e+07 -9.48931e+06 -1.81049e+07  8.33681e+06  8.16486e+06  7.68635e+06 -8.68687e+06 -1.01802e+07  1.29545e+06 -1.35011e+07 -3.85659e+06       801584      -243289       729223 -2.47556e+07 -1.90462e+07  -4.0265e+06       320640  2.99306e+06  3.34162e+06  2.07096e+06 -9.94609e+06  -3.1437e+07 -4.04948e+07  6.89658e+06   1.7362e+06  6.60172e+06  7.37288e+06      -359767  1.34292e+06  1.49522e+06  -8.7729e+06      -366330 -1.33855e+07  4.53759e+06      50231.4
-1.55963e+07 -1.78435e+07  -1.3072e+07      -510952 -5.66899e+07 -4.29784e+07  2.80738e+06 -7.61812e+07 -7.62075e+07 -2.86625e+09 -5.53104e+07 -4.84194e+07 -2.66689e+07  1.74398e+06 -3.93437e+06 -8.77709e+06 -2.34602e+06 -1.31723e+07  5.50653e+06 -1.20212e+07 -5.37607e+07 -1.26677e+08 -6.15245e+07 -4.55988e+07 -3.05799e+06 -8.19377e+06  -6.9056e+06 -1.32601e+07 -1.33031e+07       918349 -4.76048e+07       575395 -2.10273e+07   -5.193e+07 -4.45421e+06 -9.79074e+06  -2.7327e+07  6.05417e+06 -9.53376e+06 -7.04816e+06  6.69746e+06 -6.13237e+06 -7.52147e+07 -8.51145e+06 -4.73772e+07 -1.56666e+06 -2.66087e+07  6.38787e+06 -2.72566e+07 -1.77316e+08 -7.25451e+06 -1.15442e+08 -4.20256e+06 -6.93711e+07       621481 -3.08927e+06  -1.9957e+06  1.57254e+06 -7.74166e+06  -1.5367e+07 -1.26784e+07  -1.4935e+07  4.98548e+06  1.87526e+06  -4.6219e+07 -2.97443e+07 -2.32547e+07 -1.79719e+07  5.19408e+06  -5.2683e+07 -4.40785e+07   -7.101e+06  7.96878e+06 -4.33297e+07  7.57584e+06  7.48049e+06 -1.99678e+07 -4.54816e+07   5.8056e+06  7.50308e+06 -3.80053e+07  8.10131e+06  5.68818e+06  7.91065e+06 -5.90648e+06  3.23387e+06 -2.09119e+07 -8.65928e+07 -2.91636e+07 -8.38288e+06 -2.65772e+07 -4.42666e+07  3.77254e+06  -3.6686e+07 -1.12585e+07 -1.54665e+08 -3.89392e+07 -1.30226e+06        86983 -1.18681e+08  6.97468e+06 -6.48871e+07  8.02012e+06  8.24037e+06  8.06711e+06 -2.12508e+06 -1.13543e+06 -7.24267e+07 -2.90805e+06 -4.05738e+07 -1.25115e+07 -2.17247e+07 -3.51201e+07  1.09678e+06  7.91442e+06 -3.84073e+07 -4.51035e+06 -2.16354e+07 -2.34378e+07 -6.99335e+07 -5.47571e+06  5.17767e+06  2.02473e+06 -8.45546e+06  8.21781e+06 -9.39733e+06 -5.16005e+07 -3.55452e+07 -4.65697e+07 -1.82714e+07 -1.10809e+07  -3.7392e+07  6.01494e+06 -2.11809e+06      -392551  2.88629e+06   3.3237e+06  2.62273e+06 -1.54046e+07 -2.26592e+06      -258896
-1.91786e+07 -1.11651e+07 -1.46763e+07 -7.00994e+06 -4.09284e+07 -4.93674e+07 -1.23831e+08 -6.49017e+07 -4.91233e+07 -5.53104e+07 -2.57262e+09 -5.76074e+07 -1.12756e+07      -219538 -1.55856e+06 -1.75995e+07 -9.81376e+06 -5.94359e+06  1.48306e+06 -1.34385e+07 -2.46056e+07 -2.76886e+08 -5.89285e+07 -3.27787e+07      -155919   6.1403e+06 -1.61413e+06 -1.08497e+07 -4.79669e+06  8.15672e+06 -5.97313e+06 -3.28004e+06  8.21465e+06 -1.20858e+07 -5.67169e+06 -5.14053e+06  -2.5966e+07 -2.91236e+06 -1.01103e+07  4.74987e+06  7.79974e+06 -1.79378e+07 -2.73606e+07  -7.3034e+06 -1.13278e+07  2.17028e+06 -5.22829e+07  -1.0733e+07 -1.09203e+07 -7.54542e+07 -5.80075e+06  6.23969e+06  6.66441e+06  -4.7821e+06 -3.13003e+06 -4.96752e+06 -6.13897e+06 -3.99046e+06     -50412.3  -7.0714e+06 -1.87928e+06 -1.47793e+07   7.5722e+06  1.07296e+06 -3.22157e+07 -2.34185e+07  8.00137e+06  1.60613e+06 -5.01013e+06  1.37164e+06 -3.65951e+07 -5.48748e+06 -2.04352e+07  7.34978e+06  7.38336e+06 -7.78764e+06 -3.65708e+06  -1.2141e+07  7.36182e+06 -2.27999e+07      -813901 -2.83279e+07 -7.75787e+07 -3.29023e+07 -2.89815e+07 -8.85833e+07  2.20938e+06 -3.65989e+07 -3.13591e+07 -6.93194e+06 -3.17699e+07 -2.88274e+07 -2.09375e+07 -6.29636e+07 -1.45197e+07 -3.34929e+06 -1.56765e+07  6.40973e+06 -1.63188e+07  6.87993e+06  -2.3423e+07  -2.6209e+07 -2.47229e+07 -1.15948e+07  4.90169e+06 -6.14637e+07 -3.13529e+06 -2.73185e+07       346824 -5.96757e+07 -4.98659e+07 -2.28258e+07 -8.28332e+06   7.6442e+06 -1.66136e+07 -1.10064e+06 -1.41818e+07 -3.26149e+06 -1.59099e+07 -5.82504e+06 -3.95351e+06 -4.17245e+06 -3.86264e+06       349381  6.61663e+06  1.96946e+06 -7.79166e+06 -2.71191e+07 -2.66406e+07  6.15367e+06  -1.5647e+07 -4.05558e+07 -1.33882e+07  3.17503e+06  1.50312e+06 -1.12483e+06      -473677  2.37387e+06 -5.88837e+06 -3.07272e+06  6.77037e+06
-2.90392e+07 -4.64387e+07 -4.48732e+07 -7.11722e+06  -2.6494e+07  -9.1322e+07 -3.93838e+07 -8.51226e+07 -1.95855e+07 -4.84194e+07 -5.76074e+07 -1.37942e+09 -4.85591e+07 -1.29238e+07 -6.45528e+06 -2.19998e+07 -8.88574e+06 -1.54527e+06 -1.74885e+07 -3.27602e+07 -1.99386e+07 -3.14836e+07 -1.40828e+07 -2.10884e+07      66191.6 -8.43245e+06 -1.29713e+06 -6.56964e+06 -4.78558e+06 -4.05341e+07 -1.02219e+07      -821213  8.10361e+06  -2.6883e+07 -6.42354e+06 -1.73693e+07      -890667  1.83687e+06 -3.42519e+06  -2.6744e+06   3.9403e+06  5.88586e+06 -1.12755e+07 -4.38315e+06 -1.10253e+07 -6.01952e+06 -7.80616e+06  5.83272e+06 -8.76223e+06 -3.00544e+07       669182 -7.31275e+06      -551325 -1.06533e+07 -1.54427e+07 -1.43042e+06 -6.46915e+06  -4.6321e+06 -1.53837e+06  1.41069e+06  6.37267e+06 -1.23426e+07      -897832 -3.48626e+07      -925482  3.02736e+06 -3.70913e+07  8.02435e+06 -9.22359e+06  -2.0352e+07 -3.46312e+06       793348 -1.54765e+06       616767 -1.59193e+06  -5.6216e+06 -1.34792e+07  7.50917e+06  4.64498e+06 -6.33713e+06 -3.37104e+07  4.25442e+06 -9.96649e+07 -5.76386e+06 -2.85098e+07  7.61166e+06 -6.49355e+06 -5.25002e+07 -3.35359e+07  7.65779e+06 -1.87542e+07  -1.6894e+07  8.09075e+06 -3.31102e+07 -1.38677e+06 -1.60419e+07 -1.44925e+07  6.29037e+06  1.56295e+06 -1.85515e+07 -2.04025e+07   7.5711e+06   4.7567e+06  1.87622e+06  8.03569e+06 -4.49258e+07 -1.36479e+07 -1.35651e+07 -3.35422e+06 -1.25088e+07 -1.42026e+07 -5.92437e+06 -2.38426e+07   3.9069e+06 -3.13254e+06      -634715 -5.10572e+06 -5.41224e+06 -6.04599e+06 -6.77439e+06   6.2033e+06   1.3045e+06 -1.68237e+06  1.85861e+06 -4.15076e+06 -1.62201e+06 -1.54864e+07 -2.46978e+07 -6.60015e+06  4.58705e+06 -2.00415e+06  6.25314e+06  6.34417e+06 -2.05226e+06      -765697      -561253  -1.6103e+06       263579 -3.95653e+06  2.73404e+06  3.01846e+06
-2.95623e+07 -7.50643e+07 -1.72917e+08 -1.19228e+08 -4.94957e+07 -7.10534e+07 -2.90596e+08 -6.03831e+07 -8.39302e+07 -2.66689e+07 -1.12756e+07 -4.85591e+07 -3.44994e+09  -3.7225e+08  -1.1449e+08  -3.3136e+07 -1.52481e+07 -1.18524e+07 -5.27554e+07 -8.32317e+06 -2.23597e+07 -1.84356e+06 -9.72927e+06 -1.10797e+07 -1.08606e+07 -3.15634e+07  -3.2203e+06  2.52207e+06  1.77649e+06  5.73212e+06  6.67115e+06 -5.39187e+06   7.3117e+06 -2.71725e+07 -2.72446e+06 -1.56744e+07 -1.25082e+07  2.10382e+06   2.9236e+06   1.7461e+06 -4.79589e+07 -5.11381e+06  7.17378e+06 -7.67801e+06 -1.58127e+06 -3.36188e+07  5.36955e+06 -6.13339e+06 -6.47753e+06 -1.91792e+06  5.27064e+06  6.33379e+06  7.12414e+06  3.91831e+06 -1.40403e+07 -4.74675e+06 -6.25641e+06  4.46208e+06 -6.61308e+06 -1.32388e+07 -2.87836e+07  7.64183e+06  6.75915e+06 -2.21422e+07 -3.03104e+06  2.52179e+06  5.64314e+06  7.84215e+06 -8.72645e+06  7.74471e+06 -1.48305e+07  7.28255e+06  7.61767e+06  -2.1419e+07  7.43622e+06  1.16261e+06  1.96572e+06  7.34104e+06 -8.71924e+07 -2.16579e+06   8.1611e+06  7.76069e+06  7.79797e+06  7.73642e+06       343896  7.09125e+06  1.32779e+06  7.93019e+06  4.96789e+06 -2.16589e+07  -1.3773e+07   7.7594e+06  7.15158e+06  4.68561e+06   7.3767e+06 -4.87036e+07  1.52885e+06   1.6505e+06  7.41416e+06  3.32945e+06  7.60234e+06  3.19352e+06  7.75705e+06  7.93304e+06 -2.97551e+07  7.21649e+06 -9.82357e+06 -2.51065e+06      -101118  7.34367e+06   6.6953e+06  1.53448e+06  7.50442e+06  6.65316e+06       420940 -2.76415e+06 -2.13245e+06 -7.04135e+06 -3.95024e+06 -3.37523e+06  5.91619e+06  6.64135e+06  6.52439e+06 -1.03273e+06  5.46178e+06 -4.28693e+07  6.10477e+06  7.56844e+06  7.37385e+06  2.49977e+06  7.08394e+06 -7.16026e+06 -1.71274e+06  -2.5117e+06 -2.24771e+06 -3.89075e+06 -2.25491e+06 -5.11207e+06  6.99208e+06 -7.36281e+06 -1.60959e+07
 1.35815e+06 -4.42711e+07  -8.0359e+07 -1.34126e+08 -1.12907e+07 -4.57075e+07 -6.26652e+07 -2.58155e+07 -5.61363e+07  1.74398e+06      -219538 -1.29238e+07  -3.7225e+08 -1.62221e+09      -297489 -1.79089e+07       467896 -1.09717e+07 -2.51282e+07 -1.44279e+06 -5.69459e+06 -1.65473e+07  3.98378e+06   6.3211e+06  1.48395e+06  2.73625e+06  -2.3259e+06  1.78084e+06  1.31772e+06 -2.83752e+07  6.84108e+06 -1.02142e+07  6.84858e+06  6.70141e+06   5.6299e+06  6.56546e+06 -1.83078e+07  3.82341e+06       209665      60478.4  6.79185e+06  4.56741e+06  7.17098e+06       262142  6.00401e+06 -2.66026e+06 -1.33302e+07      -551179      -890360      -347000  2.50433e+06  6.58821e+06  2.15415e+06 -1.51978e+06  3.80574e+06  4.47583e+06  1.40681e+06      -469354 -6.81091e+06 -6.02231e+06  -9.8744e+06 -2.46136e+06 -1.73652e+07  6.56289e+06 -6.29506e+07  -2.8607e+06   6.9985e+06 -2.55989e+06  2.47487e+06  7.00636e+06 -1.35134e+06  6.43383e+06 -1.40187e+07 -1.76697e+07   6.7409e+06 -1.53913e+06 -5.64161e+06  6.41446e+06  6.49268e+06 -1.32112e+07  4.40702e+06 -2.11036e+07 -6.60823e+06 -4.53358e+07      -661638  3.40567e+06 -8.10735e+06  4.26125e+06  4.14437e+06  6.68207e+06  6.49773e+06  2.23682e+06       505994      -193374  6.41242e+06 -5.64552e+07 -2.72443e+07  5.77897e+06  5.65909e+06  2.27386e+06 -3.41204e+07     -5431.31  6.63192e+06  7.07674e+06 -3.04146e+07 -3.37609e+07      -312641       743781  6.72334e+06 -6.23312e+06  6.85461e+06      -368765      -711363   1.5337e+06 -2.95189e+06 -1.85912e+07 -1.81878e+07 -3.97196e+06      -647051 -5.91514e+06      -417160  4.96694e+06  5.84065e+06  1.23324e+06  1.51475e+06  4.19967e+06 -1.27301e+07  3.44239e+06  3.11489e+06 -3.32407e+06  6.61943e+06 -5.40299e+06 -4.43668e+06  -2.5569e+06       301011 -8.64075e+06 -9.54348e+06 -2.97704e+06  6.52373e+06       424180 -3.77293e+06
 4.19264e+06 -3.01987e+07 -2.75544e+06 -5.23178e+06 -5.28812e+06 -5.62714e+07  -2.0554e+07 -2.09103e+07 -2.67743e+07 -3.93437e+06 -1.55856e+06 -6.45528e+06  -1.1449e+08      -297489 -7.48263e+08 -6.01207e+06      -577348  2.46779e+06 -2.41274e+06  3.86549e+06   5.4211e+06  4.19143e+06  4.65009e+06 -7.32789e+06      -459461  1.76567e+06  -1.2537e+06  1.14342e+06  3.89193e+06  2.68318e+06  4.53129e+06 -3.16503e+06  5.25612e+06 -6.14884e+06 -2.13642e+06  5.88586e+06 -1.39044e+07  1.06747e+06  3.47575e+06  1.21034e+06  5.96785e+06  5.88145e+06 -8.28302e+06  3.66859e+06  5.23155e+06  3.30874e+06 -4.75998e+06 -7.68788e+06 -8.40786e+06  5.61872e+06       330659  5.43122e+06  1.04215e+06  2.54403e+06  1.63782e+06 -2.21881e+06  2.28173e+06  3.86276e+06   1.5812e+06       767889  -1.4447e+06  2.69659e+06  5.86278e+06  6.34922e+06 -1.00652e+07  5.16074e+06  6.01109e+06  5.77734e+06  4.91977e+06  5.84177e+06 -4.35726e+06  5.54237e+06  5.73451e+06  5.42262e+06  5.31452e+06   -3.443e+06  4.98947e+06 -2.23885e+06 -5.04554e+06  -1.3778e+07  5.89828e+06 -9.70014e+06 -2.59659e+07  5.43096e+06  3.76279e+06 -3.00848e+07  1.10114e+06   5.6787e+06  5.77505e+06  5.88859e+06 -1.29764e+06  5.70765e+06 -9.73081e+06   5.0825e+06 -7.94091e+06  5.78365e+06  2.00014e+06  1.95791e+06      36174.2  5.18025e+06  5.46131e+06       697128   5.8341e+06  1.83051e+06  5.64145e+06  5.91753e+06  5.41705e+06  1.52953e+06 -5.16546e+06 -5.28651e+06   5.4172e+06 -1.01462e+07  5.56842e+06 -2.27803e+06 -1.88537e+06   5.5709e+06 -4.98779e+06      -133528  5.74693e+06  2.29808e+06 -1.73311e+06  3.78405e+06      -872284 -5.41062e+06  1.08449e+06  -8.0499e+06 -2.76484e+06 -2.95436e+06 -2.87845e+06  4.98664e+06  5.53714e+06  -9.8036e+06  3.16097e+06       255151  1.63111e+06 -5.89957e+06  4.09598e+06  2.95793e+06      94404.7  1.53394e+06 -6.25173e+06
-3.01976e+07  -5.3607e+07 -1.62683e+07 -2.97031e+06 -1.37141e+07 -3.01733e+07 -2.95788e+07  -9.7254e+07 -3.90324e+07 -8.77709e+06 -1.75995e+07 -2.19998e+07  -3.3136e+07 -1.79089e+07 -6.01207e+06 -7.93762e+08 -6.98256e+06 -4.43038e+06 -5.44579e+06  -1.2998e+07 -1.65155e+07 -4.85995e+07 -8.31136e+06 -2.59997e+07 -4.65472e+06       227972  2.28698e+06  2.91416e+06  7.79013e+06 -6.25711e+06  -1.4508e+07       492170   3.9559e+06 -2.26031e+07  1.12323e+06 -9.57342e+06  6.34074e+06  3.09099e+06  4.18904e+06 -7.00408e+06 -1.87782e+06  7.86426e+06 -3.69397e+06 -1.72281e+06  2.58908e+06 -5.26227e+06 -1.38714e+06 -7.81172e+06 -2.25447e+06 -1.30578e+07   1.4522e+06 -5.19475e+06       661674  3.15602e+06 -4.04461e+06 -3.19291e+06 -2.87567e+06      -491795 -3.79978e+06  2.81876e+06 -6.70434e+06 -2.50206e+06 -7.08323e+06  4.35329e+06 -2.77064e+07 -5.85752e+06 -2.13986e+07 -3.31074e+06 -5.99705e+06  -1.3451e+07 -1.43323e+07  3.28313e+06  1.29229e+06 -1.63091e+07 -3.70828e+06 -7.37105e+06 -5.25945e+06 -1.30507e+07 -3.02045e+07 -1.50429e+07 -3.35393e+07  5.69505e+06 -1.37686e+06 -3.71509e+07 -1.17042e+07 -7.52172e+06 -5.56131e+06  1.16402e+06 -4.81138e+06 -1.85847e+07 -9.37651e+06  1.68701e+06  -1.3514e+06 -2.08898e+07 -4.72484e+06  7.38737e+06 -1.29772e+07      -120254       233803  2.75105e+06 -2.79882e+07 -4.44955e+06  3.75597e+06 -7.55384e+06   7.7196e+06 -3.16272e+07  -8.4959e+06 -5.02195e+06 -5.56507e+06 -1.41286e+07 -9.29389e+06 -4.03136e+06 -1.49694e+07  -3.6076e+06 -1.07527e+07 -7.60511e+06 -8.60045e+06      -147132 -4.15502e+06 -8.46174e+06      -740490      -770569 -5.63204e+06  1.49787e+06  2.58926e+06  4.41728e+06 -3.04071e+06 -2.02238e+07 -1.57886e+07 -3.37523e+06 -1.12579e+06 -1.49755e+07 -6.52317e+06 -1.96586e+06       591279      -185668 -1.87707e+06      -388049       455324       832712      -292612
-1.05749e+06 -1.04135e+07 -6.51119e+06 -1.08155e+06 -9.28487e+06 -3.05412e+06  3.75175e+06 -9.67518e+06 -5.37857e+06 -2.34602e+06 -9.81376e+06 -8.88574e+06 -1.52481e+07       467896      -577348 -6.98256e+06 -5.30877e+08 -8.66893e+06 -4.71067e+06  -1.0696e+07 -3.39939e+06 -4.65996e+07       132886 -2.11037e+06 -8.89291e+06 -1.49174e+07 -6.28774e+06 -2.11054e+06 -7.92355e+06  6.43155e+06 -5.96763e+06      -464111 -6.76644e+06  4.67798e+06 -1.82646e+06  -3.5248e+06   4.8457e+06      -634621  1.80234e+06       205288 -8.09023e+06 -1.84374e+06 -1.32361e+06 -2.72261e+06  2.41308e+06  4.07221e+06 -1.09962e+07 -3.03883e+06   6.4239e+06  2.58702e+06  1.37882e+06 -6.06572e+06  5.23578e+06 -1.15031e+06   2.0798e+06  1.08742e+06  1.51291e+06       288742      -588425 -3.91817e+06 -3.25217e+06 -9.30186e+06       273574 -7.19562e+06  5.14248e+06  1.77916e+06  -8.1209e+06 -4.23739e+06 -1.35523e+07  6.46108e+06       645137  4.38337e+06  -3.3448e+06  2.80523e+06       603452 -2.16775e+06     -19299.5      -129487 -2.67151e+06 -1.57474e+07  7.63546e+06  7.59993e+06  -4.1123e+07 -8.07028e+06 -4.04881e+06  7.73568e+06  -4.5057e+06  2.04152e+06  1.43105e+06 -1.79146e+06  1.27614e+06 -1.89946e+07  3.76603e+06      -659086  4.94214e+06  7.70816e+06   1.9136e+06  3.26729e+06 -2.30233e+06 -4.40587e+06  3.09385e+06  7.81523e+06       958481  7.98574e+06  1.01505e+06  6.74911e+06 -3.34789e+06  3.00467e+06 -4.96568e+06  7.14017e+06 -1.74546e+07 -6.17634e+06 -4.68406e+06  2.27752e+06  3.14793e+06   1.2576e+06  -3.0915e+06 -6.84058e+06  1.38128e+06 -3.14604e+06  1.00175e+06 -1.85841e+06  2.99496e+06  1.90764e+06       512422  2.14354e+06  -4.7762e+06 -2.64541e+06       747901 -1.59824e+06 -5.65476e+06 -2.09168e+06 -2.56241e+06      -996891       338446       647363 -3.44021e+06 -2.91359e+06 -4.18442e+06 -1.61486e+06 -4.67514e+06
