
 72

((((((((((((((((Slon24923_Stenella_longirostris: 0.000185, Scly1726_Stenella_clymene: 0.000189): 0.000058, Lhos452_Lagenodelphis_hosei: 0.000243): 0.000019, DdelSJR_Delphinus_delphis: 0.000218): 0.000043, Scoe_Stenella_coeruleoalba: 0.000254): 0.000013, ((Ttru_Tursiops_truncatus: 0.001135, Tadu79924_Tursiops_aduncus: 0.000295): 0.000026, (Sfro7784_Stenella_frontalis: 0.000217, Satt18473_Stenella_attenuata: 0.000208): 0.000097): 0.000021): 0.000072, Schi_Sousa_chinensis: 0.000401): 0.000066, Sflu9837_Sotalia_guianensis: 0.000373): 0.000122, ((((((Gmel_Globicephala_melas: 0.000211, Gmac39091_Globicephala_macrorhynchus: 0.000154): 0.000121, (Pele_Peponocephala_electra: 0.000267, Fatt_Feresa_attenuata: 0.000313): 0.000052): 0.000041, Pcra123188_Pseudorca_crassidens: 0.000308): 0.000063, Ggri_Grampus_griseus: 0.000293): 0.000092, Sbre116871_Steno_bredanensis: 0.000426): 0.000084, (Obre_Orcaella_brevirostris: 0.000326, Ohei_Orcaella_heinsohni: 0.000353): 0.000223): 0.000064): 0.000051, ((((Laus_Sagmatias_australis: 0.000209, Chea7320_Cephalorhynchus_heavisidii: 0.000241): 0.000050, Ccom40_Cephalorhynchus_commersonii: 0.000444): 0.000116, (Lobs_Sagmatias_obscurus: 0.000160, Lobl_Sagmatias_obliquidens: 0.000178): 0.000155): 0.000036, (LperAUS_Lissodelphis_peronii: 0.000229, Lbor_Lissodelphis_borealis: 0.000317): 0.000138): 0.000224): 0.000074, Lalb_Lagenorhynchus_albirostris: 0.000621): 0.000038, Oorc_Orcinus_orca: 0.000521): 0.000089, Lacu_Leucopleurus_acutus: 0.000684): 0.000471, ((((Pspi_Phocoena_spinipinnis: 0.000399, Pdio_Phocoena_dioptrica: 0.000209): 0.000199, Ppho_Phocoena_phocoena: 0.000369): 0.000132, Npho_Neophocaena_phocaenoides: 0.000731): 0.000711, (Mmon_Monodon_monoceros: 0.001176, Dleu_Delphinapterus_leucas: 0.000796): 0.000549): 0.000304): 0.000417, ((Pbla7349_Pontoporia_blainvillei: 0.001884, Igeo_Inia_geoffrensis: 0.001744): 0.000366, Lvex_Lipotes_vexillifer: 0.002202): 0.000074): 0.000546, (((((((((((Mpni_Mesoplodon_perrini: 0.000463, Mper_Mesoplodon_peruvianus: 0.000507): 0.000111, Mden_Mesoplodon_densirostris: 0.000652): 0.000055, Mste_Mesoplodon_stejnegeri: 0.000522): 0.000087, MgraAUS_Mesoplodon_grayi: 0.000820): 0.000058, Mhec_Mesoplodon_hectori: 0.000773): 0.000105, ((Mcar_Mesoplodon_carlhubbsi: 0.000526, Mbow_Mesoplodon_bowdoini: 0.000564): 0.000077, MlayAUS_Mesoplodon_layardii: 0.000550): 0.000097): 0.000092, (((Mmir_Mesoplodon_mirus: 0.000671, Meur_Mesoplodon_europaeus: 0.000609): 0.000084, Mgin_Mesoplodon_ginkgodens: 0.000575): 0.000194, Mbid_Mesoplodon_bidens: 0.000975): 0.000036): 0.000202, Hamp_Hyperoodon_ampullatus: 0.000838): 0.000107, Zcav_Ziphius_cavirostris: 0.001212): 0.000065, Tshe_Tasmacetus_shepherdi: 0.000921): 0.000242, Bbai76728_Berardius_bairdii: 0.001234): 0.001221): 0.000287, ((Ksim_Kogia_sima: 0.000786, Kbre_Kogia_breviceps: 0.000621): 0.001258, Pmac_Physeter_macrocephalus: 0.001301): 0.001062, (((((((BedeAUS_Balaenoptera_edeni: 0.000367, Bbor_Balaenoptera_borealis: 0.000330): 0.000372, Bmus49099_Balaenoptera_musculus: 0.000688): 0.000157, (Mnov_Megaptera_novaeangliae: 0.000897, Bphy_Balaenoptera_physalus: 0.000465): 0.000184): 0.000041, Erob133443_Eschrichtius_robustus: 0.001181): 0.000063, (BbonAUS_Balaenoptera_bonaerensis: 0.000615, Bacu_Balaenoptera_acutorostrata: 0.000470): 0.000359): 0.000313, Cmar59905_Caperea_marginata: 0.001765): 0.000193, (((Ejap43864_Eubalaena_japonica: 0.000187, Egla13086_Eubalaena_glacialis: 0.000142): 0.000089, EausAUS_Eubalaena_australis: 0.000270): 0.000276, Bmys_Balaena_mysticetus: 0.000454): 0.000722): 0.001044);

  0.000287  0.000546  0.000417  0.000471  0.000089  0.000038  0.000074  0.000051  0.000122  0.000066  0.000072  0.000013  0.000043  0.000019  0.000058  0.000185  0.000189  0.000243  0.000218  0.000254  0.000021  0.000026  0.001135  0.000295  0.000097  0.000217  0.000208  0.000401  0.000373  0.000064  0.000084  0.000092  0.000063  0.000041  0.000121  0.000211  0.000154  0.000052  0.000267  0.000313  0.000308  0.000293  0.000426  0.000223  0.000326  0.000353  0.000224  0.000036  0.000116  0.000050  0.000209  0.000241  0.000444  0.000155  0.000160  0.000178  0.000138  0.000229  0.000317  0.000621  0.000521  0.000684  0.000304  0.000711  0.000132  0.000199  0.000399  0.000209  0.000369  0.000731  0.000549  0.001176  0.000796  0.000074  0.000366  0.001884  0.001744  0.002202  0.001221  0.000242  0.000065  0.000107  0.000202  0.000092  0.000105  0.000058  0.000087  0.000055  0.000111  0.000463  0.000507  0.000652  0.000522  0.000820  0.000773  0.000097  0.000077  0.000526  0.000564  0.000550  0.000036  0.000194  0.000084  0.000671  0.000609  0.000575  0.000975  0.000838  0.001212  0.000921  0.001234  0.001062  0.001258  0.000786  0.000621  0.001301  0.001044  0.000193  0.000313  0.000063  0.000041  0.000157  0.000372  0.000367  0.000330  0.000688  0.000184  0.000897  0.000465  0.001181  0.000359  0.000615  0.000470  0.001765  0.000722  0.000276  0.000089  0.000187  0.000142  0.000270  0.000454

  0.185047  3.047834  0.115203  5.198404 -0.329426  3.208286  2.193685 20.361747 -0.609942  0.987719  6.858699 51.152227 -2.685003 18.830407 -1.116358  4.954302  5.428000  3.723803  4.879067  5.022629 10.092996 -5.402111  3.198954  5.849306 -0.633238  3.912453  5.312091  4.488921  4.507665  5.006120  0.722297  1.531303 22.178631  9.908281 -2.954844  2.752061  5.278624  1.725768  3.432754  4.051149  4.061063  3.979657  3.924436  0.448099  3.734549  3.893301  2.287630 12.297095 -3.843006 34.201110  2.099113  3.774438  2.952146 -0.984139  2.923302  4.006303 -11.162109  2.899824  3.345880  2.547332  3.246295  3.021822  1.412853 -0.419379 -17.338361 -0.622698  0.008728  0.126866  2.887780  2.426068 -1.752252  0.022674 -0.009887  6.580471 -0.527168  0.050545  0.063336  1.137783  0.748219  1.029444  1.341017 -1.599375  1.569543 -1.910200  3.467066  4.191872 -0.391121 -4.134263 -9.939015  0.523627  1.589427  0.899304  0.968652  0.754335  1.178376 -0.434187 -3.090590  0.683581  0.756273  0.782463  9.692390 -2.565877 -5.402964  0.000000  0.816738  0.617228  0.462882  0.411765  0.222084  0.154108  0.116853 -1.222809 -0.901085 -0.314075  0.022687 -0.064527 -0.074428  1.290797 -3.722380  7.968129 20.377078  2.055571 -1.989381 11.166535 -0.132088 -0.166941 -9.487853 -0.144226 -0.075635 -0.082557 -2.756308 -0.143103 -0.025018 -0.189423  2.586045  1.234244  1.146589 -11.336728  4.820657  7.319380 -0.015127


Hessian

 -3.354e+09   -2.7e+07 -9.399e+06 -2.308e+07 -5.924e+07 -2.185e+06 -1.549e+07  5.812e+06  5.234e+06  2.679e+06  8.575e+06  5.742e+06  8.552e+06  8.527e+06  8.651e+06  8.145e+06 -2.572e+07 -1.827e+06  4.308e+06 -1.106e+06  8.862e+06 -1.976e+06  3.863e+06 -2.307e+06 -5.209e+07  8.203e+06  8.358e+06 -4.793e+04 -3.919e+07 -4.906e+07  3.684e+06  8.502e+06  8.477e+06  8.576e+06  8.454e+06  2.999e+06  8.398e+06  7.047e+06 -1.778e+07  8.263e+06 -2.548e+06  -2.77e+06  6.062e+05  6.696e+06 -9.023e+06  8.187e+06  7.168e+06  8.502e+06  8.694e+06  8.277e+06  8.424e+06  7.777e+06 -3.328e+07  8.601e+06  7.481e+06  8.136e+06   8.41e+06  8.055e+06  7.307e+06 -5.946e+06 -1.417e+07  5.622e+06 -2.936e+06  2.324e+06  6.673e+06  8.422e+06  6.353e+06  7.709e+06  7.619e+06 -4.539e+06  -7.95e+06  2.531e+06  -1.48e+07 -2.159e+07 -1.429e+07  9.814e+05 -3.088e+06  2.441e+05 -7.011e+06 -9.166e+06 -5.176e+06 -2.957e+07 -3.972e+07  8.564e+06  8.543e+06  8.576e+06  8.622e+06   8.51e+06 -2.181e+07  7.878e+06 -7.231e+06 -7.542e+06 -4.822e+06 -2.227e+06  3.261e+06 -1.107e+07  -1.11e+07  8.143e+06  -7.48e+06  7.942e+06  7.797e+06   7.72e+06  5.535e+06  7.183e+06 -1.073e+07  2.563e+06  3.663e+06 -1.748e+06 -2.496e+06 -1.191e+07  -7.67e+06 -1.586e+07 -7.579e+06 -1.841e+07 -6.932e+06 -6.159e+06 -2.758e+07  -2.56e+07 -1.467e+07 -1.319e+07  8.156e+06 -3.354e+07 -2.338e+07  6.135e+06 -8.159e+06 -8.412e+06 -3.156e+07  1.768e+06  2.747e+06  2.311e+05 -3.604e+06  -2.69e+06  6.973e+06 -1.489e+07 -4.446e+06  5.172e+06  7.626e+06  1.847e+06 -1.605e+07 -5.781e+06 -1.674e+07
   -2.7e+07 -1.768e+09 -5.878e+07  -1.86e+07 -2.345e+07 -6.237e+06  -1.73e+06   -2.1e+07 -1.236e+07  8.538e+06 -2.279e+07  8.788e+06  8.534e+06  1.771e+06  1.706e+06 -1.449e+07  1.634e+06  7.451e+05  8.114e+06  8.212e+06  8.504e+06  7.964e+06   4.81e+06  8.221e+06  8.385e+06   8.03e+06  -3.16e+06  6.895e+06 -3.242e+07 -2.049e+07 -1.751e+07  3.605e+06    6.7e+06  1.784e+06 -6.987e+06 -5.523e+06  8.393e+06 -1.554e+06 -2.225e+06  1.488e+05 -3.136e+06 -5.424e+06  3.552e+06 -4.626e+06 -6.322e+06  1.112e+06 -3.179e+06  5.495e+06  8.698e+06  3.868e+06  -6.83e+05 -4.639e+06 -6.225e+07  6.115e+06 -4.605e+05  5.426e+06 -1.028e+07  2.668e+06 -9.529e+05 -2.388e+06 -2.031e+07 -3.726e+06  -5.25e+06  1.061e+06 -4.656e+06 -2.178e+06 -4.936e+06 -4.633e+06 -3.379e+06  5.263e+06 -2.885e+05   3.78e+06  -1.07e+07 -1.506e+07 -8.305e+06 -2.564e+06 -3.396e+06 -1.064e+07  -2.03e+07  -5.46e+06 -2.968e+07   1.49e+05   6.39e+06  8.444e+06 -8.583e+06  8.589e+06  5.293e+06  8.513e+06  3.322e+06 -5.138e+05  5.243e+05  3.208e+06  3.719e+06  4.102e+06   -2.3e+06  9.405e+05  6.056e+06   4.44e+06  5.274e+06 -1.558e+07 -1.793e+06  -5.54e+06       3944  1.796e+06 -3.501e+07  -4.39e+06  3.522e+06  4.617e+06 -1.984e+06 -4.247e+07  -6.03e+06 -1.924e+07 -2.047e+06 -3.661e+06 -5.093e+06 -5.528e+06 -1.348e+07  -2.12e+07 -1.903e+07  6.217e+06  -8.59e+06 -1.128e+07 -9.395e+06 -7.089e+06 -1.534e+07  1.409e+06 -1.327e+07  7.691e+05 -6.037e+06  2.819e+06 -2.374e+06  1.497e+06  5.561e+06  -3.92e+06 -2.361e+06  8.027e+06  8.234e+06   2.89e+06 -2.591e+07 -5.643e+06 -2.589e+06
 -9.399e+06 -5.878e+07 -2.338e+09 -3.172e+07  2.028e+06 -3.054e+07 -4.298e+06 -8.698e+07 -3.466e+07 -2.443e+07  8.516e+06  6.225e+06 -1.006e+06  2.211e+06 -2.766e+07 -4.499e+07 -2.003e+07 -1.005e+07 -1.934e+07 -3.683e+06   -2.8e+07 -4.962e+07  2.081e+06 -6.349e+06 -3.373e+07 -5.311e+06 -1.987e+07 -1.687e+07 -3.442e+07 -1.699e+06 -4.462e+06 -4.054e+07 -1.741e+06  2.897e+06 -6.167e+06 -2.836e+06 -7.143e+06 -7.888e+06 -2.646e+07 -1.791e+07  1.585e+06  4.589e+06  2.609e+05 -1.282e+07  4.196e+06  -4.54e+06 -3.972e+06  8.045e+06 -6.503e+05   8.48e+06 -1.152e+07 -3.621e+07 -4.726e+07 -9.989e+06 -5.482e+07 -7.561e+06  3.616e+06 -7.644e+06 -4.862e+06 -1.549e+07   -2.6e+07  3.995e+05 -1.328e+07 -8.037e+06 -2.585e+07 -3.293e+06 -4.014e+06  6.737e+06  1.619e+06  -1.28e+07 -1.078e+07 -7.279e+06 -1.551e+07 -5.364e+07 -3.204e+07 -9.697e+06  -1.83e+07 -8.326e+06 -1.749e+07   -1.2e+07 -1.178e+07 -6.282e+06 -3.308e+06  1.542e+06  7.507e+06  6.774e+06  3.371e+06  7.179e+06 -1.174e+07 -1.194e+07 -1.504e+07 -1.248e+07  1.197e+06 -6.552e+06  4.313e+06  5.894e+06 -8.188e+06   8.01e+06  1.732e+06  -2.53e+07  4.021e+06  -8.57e+06 -1.834e+06  4.332e+06 -5.635e+07 -2.481e+06  -3.58e+06 -2.979e+06  1.553e+06 -4.159e+07  1.079e+06 -7.177e+06  -1.16e+07 -5.437e+06 -1.803e+07 -7.708e+06 -2.862e+07 -3.288e+07  -1.79e+07 -2.925e+07  7.969e+06  8.085e+06  8.882e+05 -1.893e+06 -1.268e+07  6.379e+06 -2.887e+07 -1.453e+06 -9.905e+06 -6.723e+06 -1.185e+07 -2.993e+06  1.998e+06 -3.261e+06 -3.558e+06  3.621e+06 -2.146e+07  8.167e+06 -1.669e+07 -7.264e+06  6.599e+06
 -2.308e+07  -1.86e+07 -3.172e+07 -2.128e+09 -1.041e+08 -7.468e+07 -2.049e+08 -8.754e+07 -9.623e+07 -1.334e+08 -6.032e+07  1.298e+06 -4.944e+07 -1.134e+08 -6.486e+07 -6.501e+05 -3.588e+07 -1.149e+07  -2.93e+06 -1.456e+07 -1.677e+08 -7.147e+07 -4.969e+06 -4.595e+06 -5.041e+07 -2.383e+07 -3.881e+07 -1.772e+07  -2.51e+07 -1.718e+08 -9.268e+07 -7.423e+07  -1.46e+07 -2.483e+07 -2.535e+07 -5.231e+06  1.088e+06  8.018e+06 -1.807e+07 -2.203e+07 -2.583e+07   1.71e+06 -1.067e+07 -6.376e+07  8.258e+06 -3.896e+06 -5.749e+07 -5.764e+07 -1.889e+07 -6.097e+07  -3.34e+07 -1.703e+07 -6.232e+07 -1.918e+07  -9.63e+05  8.001e+06  5.336e+05 -2.163e+07 -1.835e+07 -2.487e+07  -6.23e+07 -5.681e+06 -2.359e+07 -1.031e+07  2.892e+06 -4.994e+05  3.512e+06 -7.204e+06 -1.551e+07 -2.203e+07 -1.263e+07  2.349e+06 -2.177e+07 -8.981e+06 -3.182e+06 -9.687e+06  -3.01e+07 -1.109e+06 -1.701e+07 -1.162e+07  5.793e+06  8.415e+06 -2.049e+07  8.414e+06  5.395e+06  8.234e+06 -1.526e+07  8.446e+06  8.368e+06 -1.483e+07 -2.861e+06  3.513e+05  7.618e+06 -1.812e+06 -5.821e+06 -1.572e+07 -1.891e+07 -1.074e+07 -1.584e+06 -9.315e+06 -3.111e+06 -8.379e+06 -1.959e+07 -4.214e+06  -3.17e+07 -6.378e+06  9.114e+05 -7.265e+06 -6.941e+06 -3.475e+07 -7.747e+06 -8.237e+06  -5.14e+06  -3.15e+06 -3.151e+06 -4.018e+06 -1.309e+07 -1.513e+07 -2.523e+07 -3.571e+07 -3.502e+07 -2.258e+07 -3.112e+06 -1.482e+07 -1.493e+07 -1.236e+07  7.655e+06  2.698e+06 -2.476e+06 -2.511e+06 -7.086e+06 -8.368e+05  3.753e+06  -9.32e+06 -1.033e+07 -1.565e+06   4.42e+06 -1.444e+07   7.94e+06  2.112e+06 -1.587e+07
 -5.924e+07 -2.345e+07  2.028e+06 -1.041e+08 -9.962e+09 -3.601e+07 -1.067e+09  -1.08e+09 -5.907e+08 -4.417e+08 -3.713e+08  8.104e+06 -2.644e+08  -9.11e+07 -2.998e+07   6.15e+06 -9.278e+06  -1.17e+08 -4.557e+07 -1.815e+07 -3.859e+08  1.868e+06 -4.592e+06 -5.461e+07 -9.649e+07 -4.975e+07 -4.135e+07 -7.731e+07 -3.324e+07   -9.5e+08 -6.776e+08 -4.128e+08 -8.498e+06 -5.145e+07  4.673e+06  4.401e+06 -1.967e+06     -3e+07  1.621e+06  4.572e+06 -4.611e+07 -4.844e+07 -7.231e+07 -2.422e+08  6.501e+06  7.835e+06  -5.22e+08 -5.068e+08 -1.993e+07 -5.877e+07  -1.05e+08 -6.287e+07 -2.759e+07  3.453e+06 -1.757e+07 -3.533e+06 -3.437e+07 -4.383e+07 -4.884e+07 -1.913e+08 -1.806e+08 -2.002e+07 -4.399e+07 -9.482e+05 -3.278e+05  5.874e+06  6.729e+06  8.086e+06  1.321e+05  3.436e+06 -5.418e+07  4.543e+06 -2.237e+06  2.809e+06  7.781e+06  -7.55e+06 -8.705e+06 -8.921e+06  8.149e+06  7.906e+06  8.564e+06  6.383e+06 -1.627e+05   5.63e+06  7.268e+06  7.304e+06  8.535e+06  8.128e+06  7.293e+06  6.998e+06 -1.525e+07  2.199e+06  8.103e+06 -1.007e+07 -6.786e+06   5.66e+06 -8.694e+05  4.843e+06  4.216e+06  7.966e+06  8.581e+06  7.609e+06 -3.315e+05 -9.338e+06 -1.894e+06 -1.233e+07 -3.049e+06 -1.387e+07 -2.464e+07 -2.246e+07 -2.827e+06 -8.871e+06 -5.827e+05 -2.339e+07  7.985e+06 -9.036e+06 -8.959e+06 -1.617e+08 -5.212e+07  8.553e+06  8.091e+06  7.989e+06  8.019e+06  7.561e+06  4.958e+06 -8.855e+05  6.744e+06  5.852e+06 -1.732e+07  -7.05e+06  8.419e+06  6.814e+06  7.521e+06  2.797e+05  7.584e+06  8.442e+06  8.005e+06  8.055e+06  4.963e+06  7.477e+06  5.665e+06
 -2.185e+06 -6.237e+06 -3.054e+07 -7.468e+07 -3.601e+07 -2.341e+10 -3.808e+08 -7.419e+08 -7.287e+08 -1.147e+09 -4.052e+07 -4.493e+06 -2.209e+08 -1.044e+08 -3.183e+08 -2.156e+07 -1.837e+08  -3.65e+08 -8.557e+07 -3.158e+08 -1.393e+09  -1.24e+08 -1.531e+08 -1.102e+08 -9.724e+07 -1.592e+08 -2.424e+07 -6.582e+06 -2.288e+08 -1.034e+09 -6.732e+08 -6.308e+08 -2.298e+07   5.21e+05 -1.912e+08 -1.597e+08 -2.265e+08 -2.633e+07 -1.192e+08 -1.627e+08 -1.779e+08 -2.051e+08  -1.57e+08  -9.21e+08 -1.459e+08 -1.509e+08 -1.296e+08 -6.895e+07 -6.473e+07  3.721e+06 -1.471e+08 -8.375e+07 -3.576e+08 -1.536e+08 -3.614e+06 -9.709e+07 -1.695e+08 -4.089e+07 -1.741e+08 -9.486e+07 -1.342e+08 -3.025e+07 -3.223e+07  3.541e+06  -8.49e+07 -2.755e+07 -6.336e+07  9.564e+05 -6.404e+07 -1.109e+07 -1.202e+08  4.451e+06 -5.722e+07 -8.125e+06 -8.913e+07  3.835e+06 -3.201e+07  -3.01e+07   3.15e+06 -3.386e+05  8.612e+06  1.601e+06  -6.29e+06 -2.825e+07 -4.502e+07  8.102e+06  7.881e+06 -8.286e+07 -1.092e+08  7.079e+06  4.122e+06  6.297e+06 -1.014e+07  2.975e+06 -2.022e+07  8.604e+06  8.322e+06   1.69e+06 -3.526e+07  6.966e+06  8.044e+06  7.855e+06  6.507e+06  3.236e+06 -2.428e+06  7.467e+06  4.125e+06  4.922e+06 -1.289e+06  6.723e+06 -1.621e+07 -4.212e+07 -1.337e+07  5.794e+06 -3.418e+07 -3.455e+07  7.489e+06  7.965e+06 -6.668e+07  8.676e+06 -3.875e+07 -1.138e+07 -6.267e+07  9.899e+05  1.788e+06 -3.431e+07 -2.211e+07   6.28e+06  6.502e+06  4.291e+06 -1.603e+07 -6.389e+07  3.187e+06 -6.972e+06  5.787e+06  8.533e+06  2.994e+06  8.021e+06  7.931e+06   4.15e+05 -5.212e+07
 -1.549e+07  -1.73e+06 -4.298e+06 -2.049e+08 -1.067e+09 -3.808e+08  -1.11e+10 -1.667e+08 -4.157e+08 -8.356e+08 -3.226e+08 -1.026e+09 -6.405e+08  -2.72e+08 -2.348e+08 -2.579e+08 -1.442e+08 -1.047e+08 -1.801e+08  -7.16e+07 -4.842e+07 -1.678e+08     -1e+08 -5.566e+07 -1.294e+08  -1.48e+08 -1.305e+08  -6.31e+07 -2.856e+08 -6.636e+08 -1.232e+09 -3.352e+08 -7.682e+06 -3.866e+08   6.68e+06 -9.983e+07 -9.109e+07 -2.832e+08 -1.009e+08 -6.686e+07 -1.461e+08 -2.365e+08 -1.618e+08  -3.19e+08 -1.001e+08 -5.804e+07 -3.734e+08 -5.092e+07 -3.494e+07 -1.699e+07  -1.19e+08 -1.464e+08 -3.141e+08 -1.261e+08 -3.567e+07 -8.557e+06 -1.568e+08 -7.003e+07 -1.412e+08 -1.727e+08 -1.695e+08 -1.797e+08  -7.08e+07 -1.132e+07 -2.232e+08 -4.446e+07 -2.646e+07 -1.054e+08 -2.806e+07  -9.33e+07 -2.185e+07 -7.245e+06 -2.727e+07  4.987e+06 -3.034e+07  -8.61e+06 -2.571e+07  -8.48e+06 -5.871e+06  5.953e+06 -9.598e+07 -9.784e+07  9.708e+05 -6.057e+07  8.228e+06  7.417e+06 -5.766e+07  6.908e+06 -9.489e+06 -6.206e+06  6.397e+06 -4.054e+07 -4.302e+07  7.824e+04  6.386e+06 -1.152e+06  8.279e+06    7.8e+06 -3.712e+06 -4.629e+07 -1.863e+07  7.503e+06  -6.44e+07  6.765e+06 -7.444e+06  -3.07e+07  -4.58e+06 -9.409e+05 -1.794e+07 -1.266e+07 -6.099e+06 -1.121e+07  -6.96e+06 -2.082e+07 -1.233e+05  5.984e+06 -1.585e+06 -2.006e+07  7.982e+06  1.067e+06    8.6e+06 -2.727e+07  4.504e+06 -3.216e+07 -4.612e+07 -9.106e+05 -3.102e+06 -1.004e+07 -6.286e+07  -2.76e+07  8.359e+06  -1.05e+07  7.096e+06  5.132e+06  6.245e+06 -1.388e+07 -1.631e+08 -2.504e+07  -3.23e+07 -2.019e+07  6.214e+06
  5.812e+06   -2.1e+07 -8.698e+07 -8.754e+07  -1.08e+09 -7.419e+08 -1.667e+08 -1.694e+10 -7.057e+08 -1.226e+08 -4.907e+08 -7.758e+07 -1.462e+08 -2.115e+09 -1.895e+08 -1.745e+08 -1.618e+08 -2.074e+08 -4.692e+08 -1.265e+08 -2.411e+09 -3.902e+07 -9.352e+07 -1.372e+08 -3.897e+08 -1.435e+08 -1.699e+08 -2.015e+08 -7.685e+07 -2.769e+08  -8.04e+08 -5.924e+08 -1.159e+07 -1.558e+08  7.935e+06 -1.578e+08 -3.742e+08 -1.196e+08 -8.339e+07 -5.143e+07 -4.216e+05 -1.151e+08 -2.382e+08 -4.634e+08 -2.666e+07 -9.127e+06  -2.12e+08 -2.375e+07 -5.989e+07  -5.91e+07 -8.113e+07 -1.535e+08 -1.707e+07  -3.29e+08 -1.266e+07 -8.678e+06 -3.788e+07 -8.815e+07 -1.121e+07 -1.957e+08 -3.991e+08 -1.872e+08 -1.621e+08  -1.88e+07 -4.179e+07 -1.039e+08 -5.109e+07 -1.444e+07  3.948e+06 -3.134e+07 -3.194e+07 -2.327e+07 -1.038e+07  7.943e+06 -7.267e+06 -3.877e+07 -2.908e+07  6.076e+06 -2.174e+07  8.334e+06 -6.404e+07 -1.261e+08 -1.099e+08 -2.115e+07  5.023e+06 -3.124e+07  8.209e+06  7.101e+06   6.25e+06  4.647e+06  6.934e+06  5.616e+06 -3.011e+07  4.583e+06   3.66e+06    2.5e+06  8.401e+06  8.159e+06   6.37e+06 -1.433e+07  8.269e+06 -4.974e+07  2.155e+06  7.002e+06 -1.296e+07  -4.87e+07  -1.21e+07  8.068e+06 -2.547e+07 -3.284e+07  5.728e+06 -1.214e+07  8.201e+06 -3.666e+07  6.189e+06   4.29e+06  8.609e+06  7.782e+06  -2.93e+07    8.6e+06  7.573e+06  4.679e+06  -4.61e+07   7.35e+06  5.789e+06  4.623e+06 -8.659e+07 -5.004e+06  6.481e+06 -3.008e+07  8.504e+06  4.626e+06  7.242e+06 -2.648e+06 -1.834e+07  8.468e+06  8.383e+06   8.33e+06  8.145e+05  7.985e+06 -2.383e+07
  5.234e+06 -1.236e+07 -3.466e+07 -9.623e+07 -5.907e+08 -7.287e+08 -4.157e+08 -7.057e+08 -7.406e+09 -2.967e+08 -2.239e+08 -9.982e+08 -5.071e+08 -6.082e+08 -3.145e+08 -8.653e+07  -4.88e+07 -3.077e+08 -8.427e+07 -2.562e+08 -5.517e+08 -5.187e+08 -3.883e+07 -6.657e+07 -5.275e+08 -1.805e+08  -1.71e+08 -1.032e+08 -9.094e+07 -5.543e+08 -4.376e+08 -3.788e+08 -1.123e+06 -8.887e+06 -5.956e+07 -6.619e+07 -1.847e+07  5.995e+06  4.007e+05  4.352e+06 -5.314e+07 -6.982e+07  -1.93e+08 -4.654e+08  3.066e+06 -7.392e+07 -4.315e+08 -2.339e+07 -2.372e+06 -2.329e+06 -3.818e+07 -1.503e+08 -8.456e+07  7.162e+06 -1.031e+07  4.173e+06 -1.893e+08 -1.414e+08 -6.162e+07 -1.135e+08 -1.521e+08   -3.7e+07 -7.209e+06 -3.852e+06  1.699e+05  -6.24e+07 -5.519e+06 -1.797e+07  -6.42e+05   -2.8e+07 -3.316e+07 -1.035e+07 -9.594e+06 -1.336e+07 -1.068e+07  7.571e+05 -1.071e+07  2.555e+06 -3.562e+07   8.39e+06  2.034e+06 -6.353e+07 -4.665e+07 -7.591e+07  8.416e+06 -3.086e+07 -1.251e+08  7.888e+06 -5.397e+07 -1.473e+05  7.641e+06 -8.083e+06   5.15e+06 -4.085e+06  6.602e+06 -2.888e+06 -2.677e+06 -1.568e+07 -3.127e+07 -9.628e+06 -8.598e+06 -1.049e+08 -5.815e+07  -2.33e+07 -2.751e+07  6.859e+06 -1.872e+06 -5.875e+05 -1.001e+07 -2.667e+07 -1.836e+07 -9.326e+06  3.919e+06 -3.196e+07 -6.917e+06 -1.386e+07  5.738e+06  8.542e+06 -3.663e+06  7.049e+06 -7.286e+06  7.777e+06 -1.193e+07 -2.278e+07  7.488e+06 -6.323e+06 -2.153e+06 -1.375e+07 -1.319e+07 -1.499e+07 -4.535e+05  -5.12e+06 -2.793e+07  -1.57e+07 -1.675e+06 -1.007e+07 -2.146e+08 -3.872e+07  5.463e+06  6.206e+06  6.383e+06
  2.679e+06  8.538e+06 -2.443e+07 -1.334e+08 -4.417e+08 -1.147e+09 -8.356e+08 -1.226e+08 -2.967e+08 -1.384e+10 -4.725e+08  -1.23e+07 -2.122e+09 -5.045e+07 -1.898e+08 -5.467e+08 -7.842e+07 -2.748e+08 -9.882e+07 -2.275e+08 -1.736e+08 -1.243e+09  -1.02e+08 -2.074e+08 -2.711e+08 -1.261e+08 -1.527e+08 -5.998e+07 -8.779e+07 -1.401e+08 -7.125e+08 -2.971e+08 -2.092e+08 -5.278e+07 -9.815e+07 -8.012e+07 -4.598e+07 -1.025e+08 -6.819e+07 -1.765e+08 -4.932e+07 -2.414e+08 -6.569e+07 -3.311e+08 -1.038e+08 -1.956e+07 -5.066e+08 -1.814e+08 -1.353e+08  -1.16e+07 -8.893e+07 -1.314e+08 -1.207e+08 -2.201e+08 -8.719e+07 -5.237e+07 -1.358e+08  6.543e+06  -1.28e+07 -7.786e+07  -1.13e+08 -5.886e+07 -3.557e+07  -1.84e+06 -3.473e+07 -1.267e+08 -2.018e+05 -1.013e+08 -2.887e+07 -7.155e+07 -8.774e+06  -3.29e+06 -1.151e+06  1.309e+06 -5.217e+07 -9.267e+06 -2.548e+07  -1.45e+07  -4.08e+07 -1.035e+08 -2.805e+08 -2.312e+08 -6.245e+07 -1.083e+08 -4.298e+07 -3.095e+07  7.965e+06 -4.594e+07 -1.795e+08  7.529e+06  7.596e+06 -1.554e+06  -2.29e+06    5.5e+06 -2.283e+07 -1.219e+08   4.54e+06 -8.909e+07 -2.804e+07 -1.248e+07  -1.84e+08 -1.217e+08   5.82e+06 -2.187e+07 -1.718e+07 -1.164e+07 -2.813e+07  4.035e+05 -8.837e+06 -3.216e+07  6.842e+06 -1.962e+07   1.38e+06 -1.414e+07  6.141e+06 -4.284e+06  8.597e+06 -7.617e+07 -3.454e+07  7.014e+06 -8.304e+06 -6.405e+07  8.433e+06 -8.027e+05 -3.794e+07 -3.373e+07  8.165e+06  5.896e+06  4.413e+06 -3.352e+07 -5.408e+06 -3.982e+07   7.07e+06  7.633e+06  -3.15e+07  8.209e+06 -3.006e+07 -1.523e+08  7.923e+06 -4.809e+07 -3.078e+07
  8.575e+06 -2.279e+07  8.516e+06 -6.032e+07 -3.713e+08 -4.052e+07 -3.226e+08 -4.907e+08 -2.239e+08 -4.725e+08 -1.269e+10 -3.592e+08 -4.559e+08  -1.81e+09 -6.418e+08 -4.377e+08 -4.855e+08 -5.305e+08 -4.188e+08 -5.151e+08 -1.017e+09 -3.277e+08 -1.122e+08 -2.473e+08 -5.077e+08 -1.093e+08 -2.319e+08 -1.302e+08 -8.622e+07 -1.703e+08 -5.566e+07 -4.983e+08 -2.531e+08 -1.967e+07 -3.607e+05 -8.441e+06 -9.553e+07  6.355e+06 -2.328e+07 -8.261e+07 -1.325e+08 -8.341e+07 -2.173e+07 -3.803e+07 -6.909e+07 -3.503e+07  -2.88e+08 -8.897e+07  -2.35e+07 -7.117e+07 -1.126e+07 -1.034e+08 -2.267e+06 -8.409e+07 -2.031e+07 -2.303e+07  -8.94e+07 -6.211e+07 -7.623e+07 -9.645e+07  -2.92e+07  -3.68e+07  -3.98e+07 -3.442e+07 -8.908e+07  -1.07e+08   4.39e+06 -3.598e+07  7.151e+06  -6.53e+07 -2.771e+06  5.522e+06 -3.436e+06 -4.491e+06 -3.038e+07  3.582e+06 -1.621e+06 -1.396e+05 -3.306e+07  8.497e+06  6.626e+06  8.308e+06 -7.339e+07  -1.19e+07  8.517e+06 -3.172e+07  8.637e+06  6.647e+06  8.345e+06  5.454e+06  6.063e+06 -5.499e+07   6.51e+06   3.63e+06 -3.308e+07 -2.433e+06  8.256e+06  7.652e+06  8.156e+06 -1.783e+07  8.328e+06  3.367e+06  8.034e+06 -1.371e+07  7.642e+06 -1.962e+07 -6.101e+06 -6.845e+06 -1.001e+07 -2.308e+07  6.029e+06 -2.653e+07  8.261e+06  7.843e+06 -1.635e+07 -2.751e+06  4.562e+06  8.616e+06  6.176e+06  8.791e+06  8.753e+06  5.719e+06  2.999e+06 -2.827e+07  8.082e+06  4.229e+06  7.754e+06 -9.656e+06 -2.104e+07  5.686e+06  7.816e+06  4.179e+06  6.676e+06  7.587e+06 -1.112e+07 -1.379e+07  7.393e+06 -9.521e+05 -1.894e+06  3.061e+06 -2.485e+07
  5.742e+06  8.788e+06  6.225e+06  1.298e+06  8.104e+06 -4.493e+06 -1.026e+09 -7.758e+07 -9.982e+08  -1.23e+07 -3.592e+08 -5.853e+10 -1.389e+09 -5.752e+09  -2.63e+09 -6.178e+08   -2.6e+08 -3.824e+08 -4.694e+08 -5.906e+08 -3.224e+08 -1.213e+08 -2.319e+08  -6.77e+08 -2.405e+08 -4.696e+08 -6.914e+07 -1.643e+07 -4.286e+08 -4.162e+07 -2.626e+07 -1.345e+07 -2.296e+07 -3.268e+06 -4.552e+06 -3.605e+08 -6.419e+07 -5.521e+08 -2.963e+07 -2.068e+08  -3.15e+07 -4.966e+08  4.869e+06   9.79e+05 -2.685e+07 -4.134e+08 -1.478e+08 -4.765e+07 -4.366e+07 -1.071e+07 -3.578e+08 -2.944e+07 -1.667e+08 -1.343e+08 -1.789e+07 -2.877e+06 -2.867e+07 -2.578e+07 -2.397e+08  -2.06e+08  4.123e+06 -2.185e+08  8.428e+06  5.995e+06 -3.928e+07 -6.935e+07  6.581e+06 -6.671e+07 -3.851e+08  5.834e+06 -2.763e+06  1.123e+05  3.345e+06  8.002e+06  -2.81e+07  3.839e+06 -3.333e+07 -2.881e+07  8.678e+06  8.685e+06  8.857e+06  7.875e+06  8.802e+06  8.609e+06  8.606e+06  8.639e+06  8.713e+06  8.396e+06  7.538e+06 -1.509e+08  7.283e+06 -7.413e+05  7.962e+06 -2.219e+06 -8.716e+07  2.442e+06  8.213e+06 -1.316e+08  3.381e+06  1.046e+06  8.141e+06 -1.406e+08 -9.785e+07  4.847e+06 -9.774e+07  7.428e+06  2.439e+06  6.201e+06 -1.124e+08  8.083e+06  7.667e+06  7.999e+06 -1.175e+07  6.304e+06  7.067e+06 -4.917e+07   4.75e+06  8.403e+06 -7.339e+06  6.788e+06  5.947e+05  3.684e+05  6.755e+06 -7.735e+07  5.666e+06 -9.936e+07  7.791e+06 -2.584e+07 -6.619e+06 -1.378e+06  8.671e+06  1.508e+06  7.034e+06   -4.1e+07 -1.925e+07  2.991e+06 -3.168e+08  2.108e+06  7.803e+06 -1.693e+08 -1.131e+08
  8.552e+06  8.534e+06 -1.006e+06 -4.944e+07 -2.644e+08 -2.209e+08 -6.405e+08 -1.462e+08 -5.071e+08 -2.122e+09 -4.559e+08 -1.389e+09 -1.775e+10 -6.466e+08  -1.76e+09 -9.095e+08 -5.814e+08 -4.735e+08 -5.999e+08 -3.296e+08 -1.094e+09 -4.027e+08 -1.567e+08 -2.735e+08 -1.612e+09 -2.444e+08 -2.195e+08 -1.175e+08 -1.644e+08 -2.075e+08 -4.619e+08 -2.996e+08 -2.302e+08 -4.093e+06 -8.446e+07 -1.413e+08 -1.682e+08  -4.23e+08 -7.322e+07 -3.425e+08   -7.9e+07 -2.761e+08 -1.004e+08 -1.089e+08 -6.103e+07 -7.514e+07  -3.08e+08 -1.012e+08 -1.311e+08 -3.576e+07 -8.629e+07 -1.404e+08 -1.308e+08 -2.434e+08  -4.16e+08 -4.193e+07 -4.567e+08 -8.631e+07  -9.33e+07 -1.225e+08 -4.249e+07 -8.688e+07 -2.349e+06  2.793e+06 -9.973e+07  -2.08e+08 -5.816e+07 -1.896e+08 -5.239e+07  1.928e+05 -1.259e+07 -1.404e+07 -7.391e+06  7.969e+06 -4.603e+07 -2.513e+07 -1.287e+07  6.276e+06 -5.711e+07 -3.046e+07 -3.323e+07 -3.329e+07  8.161e+06 -7.069e+06 -1.045e+07  6.603e+06  8.373e+06 -3.009e+07  -2.34e+08  7.011e+06 -1.094e+07  2.749e+06 -6.199e+07  5.098e+06 -3.359e+07 -8.604e+07   2.47e+06 -1.139e+08 -2.045e+07 -1.411e+07 -1.912e+08 -1.918e+08 -5.429e+05 -1.814e+07 -3.069e+07 -8.594e+06 -2.117e+06 -1.146e+07 -1.201e+07 -1.125e+06  7.044e+06 -1.203e+04  7.668e+06 -1.037e+07  6.398e+06 -8.195e+06  8.668e+06  8.703e+06  8.708e+06  6.734e+06  8.705e+06  8.561e+06  8.527e+06 -3.286e+07  7.896e+06 -5.747e+06  7.735e+06  5.425e+06 -4.528e+07 -3.707e+07 -9.404e+05 -2.362e+07  7.486e+06 -8.043e+06  8.626e+06  8.413e+06 -3.333e+07 -2.348e+08  7.592e+06  7.498e+06 -2.428e+07
  8.527e+06  1.771e+06  2.211e+06 -1.134e+08  -9.11e+07 -1.044e+08  -2.72e+08 -2.115e+09 -6.082e+08 -5.045e+07  -1.81e+09 -5.752e+09 -6.466e+08 -4.098e+10  -3.67e+08  -2.97e+08 -2.035e+08 -4.167e+08 -4.256e+08 -5.549e+08 -2.499e+09 -3.636e+09 -5.487e+06 -5.071e+08 -6.985e+08 -2.069e+08 -3.212e+08 -2.566e+07 -4.657e+07 -1.553e+08 -1.042e+08   -1.6e+08  7.365e+06 -1.978e+07  8.338e+06 -2.026e+07 -5.917e+07 -3.597e+07 -5.685e+07 -2.187e+07 -1.708e+07  6.283e+06 -1.023e+08   -3.1e+07 -9.635e+06 -2.474e+07 -3.562e+08 -1.635e+08 -9.962e+06   8.04e+06 -2.063e+07 -4.537e+07 -1.536e+07 -3.561e+07  7.907e+06  7.599e+06 -1.941e+07 -2.786e+06  -2.06e+07 -1.252e+08 -1.893e+07  -6.16e+06  7.981e+06 -2.858e+06  -3.42e+07  -7.92e+07  7.391e+06 -7.723e+07 -2.443e+06  4.966e+06 -1.128e+07  2.617e+06  4.557e+05   7.89e+06  7.946e+06 -2.399e+07  6.534e+06  4.922e+06  8.615e+06  8.642e+06  8.668e+06  8.059e+06   8.73e+06  8.695e+06  8.532e+06 -5.662e+07 -3.456e+07   8.52e+06  8.096e+06  7.853e+06  7.382e+06  6.747e+06  8.309e+06  -3.59e+06  7.625e+06 -3.595e+06  8.425e+06  6.586e+06 -2.909e+06  -3.51e+06  7.045e+06 -4.347e+08  7.695e+06  7.312e+06 -4.304e+06  7.895e+06 -2.293e+06 -2.303e+07  7.755e+06  4.038e+06  1.627e+06 -4.175e+07   -2.3e+07  6.135e+06  6.871e+06  6.357e+06  8.557e+06  -1.03e+07  8.616e+06  5.895e+06 -3.118e+06 -7.662e+06 -6.087e+06 -8.837e+07  3.206e+06   7.59e+06  7.081e+06 -2.996e+07  3.404e+06 -7.539e+06  8.464e+06  5.403e+05  7.124e+06  7.716e+06  8.521e+06  1.819e+06 -3.294e+07  7.793e+06   7.99e+06  7.873e+06 -9.655e+06
  8.651e+06  1.706e+06 -2.766e+07 -6.486e+07 -2.998e+07 -3.183e+08 -2.348e+08 -1.895e+08 -3.145e+08 -1.898e+08 -6.418e+08  -2.63e+09  -1.76e+09  -3.67e+08 -1.412e+10 -2.967e+08 -2.903e+08 -3.636e+08 -4.786e+08 -1.964e+08 -2.124e+09 -6.006e+08  -1.85e+07  -4.04e+08 -1.362e+09 -3.714e+08 -1.593e+08 -5.827e+07 -4.016e+07 -8.445e+07 -2.594e+08 -5.189e+07 -3.956e+07    6.1e+06 -7.436e+07 -3.885e+07 -1.491e+08   -6.2e+07 -2.547e+08 -1.535e+08 -2.909e+05 -2.079e+08 -7.839e+07 -1.889e+07 -3.128e+07 -1.204e+08  -1.54e+08 -2.565e+07 -1.881e+07  -1.42e+07 -7.434e+07 -4.634e+07 -2.622e+06 -9.325e+07  -3.15e+08 -1.064e+08 -4.088e+08 -2.658e+08 -5.476e+07  -5.21e+06 -7.261e+07  -7.37e+07  8.454e+06 -5.657e+06  -1.84e+07 -9.894e+07 -1.188e+08 -5.521e+07 -1.219e+08 -1.038e+06 -3.047e+07 -3.079e+06 -7.803e+06  7.938e+06 -1.701e+07  -6.52e+06 -1.383e+07   6.16e+06  1.655e+06 -2.493e+07  8.582e+06   8.51e+06   8.63e+06  -7.32e+06 -1.268e+07  8.327e+06  8.496e+06 -3.091e+07  -3.13e+07   7.12e+06 -1.282e+07 -1.991e+07 -1.896e+07 -1.643e+07 -9.548e+05 -1.326e+08    7.9e+06  -2.51e+07 -1.754e+07 -3.666e+07    8.7e+06  7.995e+06  7.848e+06  6.044e+06  7.391e+06  7.979e+06 -2.234e+05  8.151e+06 -2.035e+07 -1.458e+07   6.99e+06 -2.917e+06  4.711e+06 -2.571e+07  7.676e+06  -2.48e+07  8.517e+06 -1.041e+07  8.532e+06   6.64e+06  8.525e+06 -1.342e+07 -2.151e+06 -3.654e+07 -8.639e+07 -5.242e+07  7.931e+06  5.674e+06  4.267e+06  1.168e+06 -2.346e+06 -5.108e+07  7.589e+06  2.046e+06 -1.116e+07  8.278e+06 -6.683e+07  6.368e+06   7.65e+06 -1.718e+08 -3.389e+07
  8.145e+06 -1.449e+07 -4.499e+07 -6.501e+05   6.15e+06 -2.156e+07 -2.579e+08 -1.745e+08 -8.653e+07 -5.467e+08 -4.377e+08 -6.178e+08 -9.095e+08  -2.97e+08 -2.967e+08 -5.237e+09 -5.195e+07 -1.686e+08 -2.463e+08 -2.297e+08 -1.735e+08 -3.099e+08 -4.538e+07  -1.87e+08  -1.94e+08 -1.254e+08 -1.351e+08 -1.435e+08 -4.195e+07 -7.488e+07 -1.284e+08 -1.051e+08 -4.046e+07 -8.994e+07  -8.18e+06 -6.249e+07  -1.68e+08 -1.946e+08 -1.006e+08 -9.167e+07 -1.113e+08 -1.336e+08 -3.529e+07 -3.531e+07  -2.58e+07 -7.794e+07 -3.926e+07 -1.158e+08 -2.863e+07  7.516e+06 -9.123e+07 -1.893e+08 -6.592e+07 -5.966e+07 -1.497e+08 -5.934e+07 -1.943e+07 -5.458e+07 -4.111e+07 -8.474e+07 -5.588e+07 -4.599e+07  3.008e+06 -3.118e+06 -7.827e+07 -1.007e+08 -5.668e+07 -1.279e+08  -1.02e+07 -2.345e+07  -1.11e+07 -1.643e+07 -5.243e+07 -4.959e+07 -1.449e+07 -8.232e+06 -2.988e+06 -1.354e+06  -1.32e+07 -2.492e+07   2.17e+06 -8.863e+07 -1.872e+07 -2.175e+07  7.557e+06      2e+06  7.553e+06 -5.628e+06 -1.252e+08 -1.159e+07 -7.911e+06 -2.394e+07 -1.998e+07 -2.948e+06  -1.83e+07 -7.915e+07  7.672e+06 -6.366e+07 -7.801e+06 -6.686e+06 -4.449e+07 -8.773e+07 -7.863e+06 -1.936e+07 -1.538e+07 -2.267e+07 -1.609e+07 -1.816e+06  2.853e+05 -1.667e+07 -2.701e+06  -3.03e+06  8.119e+05 -9.794e+06  -3.19e+06  5.485e+06  3.843e+06 -1.221e+07  6.827e+06  8.419e+06 -1.175e+07 -1.189e+07 -1.649e+07 -6.954e+06 -8.378e+06  7.662e+06 -2.173e+07  5.891e+06   6.69e+06  -1.86e+07  8.023e+06 -7.888e+06  7.143e+06 -1.795e+06  1.774e+06 -1.185e+07 -9.017e+06 -4.986e+07  7.475e+06  -6.71e+07 -3.971e+07
 -2.572e+07  1.634e+06 -2.003e+07 -3.588e+07 -9.278e+06 -1.837e+08 -1.442e+08 -1.618e+08  -4.88e+07 -7.842e+07 -4.855e+08   -2.6e+08 -5.814e+08 -2.035e+08 -2.903e+08 -5.195e+07 -5.199e+09 -1.868e+08 -3.325e+08 -2.788e+08   -6.6e+08  -2.03e+08  -4.96e+07   -1.9e+08  -3.88e+08 -7.591e+07 -3.667e+08 -1.286e+08 -8.442e+07 -4.302e+07  5.792e+06 -1.489e+08 -2.776e+07 -3.232e+07 -3.836e+07 -1.767e+08 -3.209e+08 -5.405e+08 -1.354e+08 -9.075e+07 -2.139e+08 -1.629e+08 -8.027e+07 -5.609e+07 -1.232e+08 -1.129e+08 -6.075e+07 -4.135e+07 -1.633e+07 -1.166e+08 -7.808e+07 -3.232e+07 -7.588e+07 -8.576e+07 -7.012e+07 -1.049e+08 -5.117e+07 -1.052e+08 -7.955e+07 -3.015e+07 -4.508e+07 -1.023e+08 -3.443e+07 -9.059e+06 -3.393e+07 -7.167e+07 -7.468e+07  -4.36e+07 -7.433e+06 -2.002e+07 -4.214e+07 -2.758e+07  4.379e+06  3.689e+06  3.655e+06  1.118e+06 -5.806e+06  7.414e+05 -7.215e+06 -3.146e+06  8.471e+06  8.055e+06  8.425e+06  8.179e+06  7.515e+06 -7.918e+07  7.282e+06  7.854e+06   7.48e+06 -3.707e+06 -3.162e+06 -9.668e+06 -1.248e+07 -1.417e+07 -1.394e+07  2.609e+06 -1.287e+08 -2.643e+06 -1.229e+07 -3.973e+06  7.427e+06  6.989e+06  7.977e+06 -1.305e+06 -1.832e+07 -1.138e+07 -8.852e+06 -3.772e+07 -1.042e+07 -7.706e+06 -2.928e+07 -1.029e+07  1.607e+06 -1.772e+07  -1.75e+07 -2.359e+06 -1.774e+07  8.306e+06 -3.367e+06  8.377e+06 -1.241e+08 -1.025e+07   4.42e+06 -3.143e+07 -2.916e+07 -3.357e+07  4.974e+06  5.778e+06  4.149e+06 -4.819e+06  3.804e+06 -2.041e+07 -3.751e+06   1.43e+06 -1.603e+07  2.756e+06  7.671e+06  -3.81e+07 -6.966e+06   7.32e+06 -8.266e+05
 -1.827e+06  7.451e+05 -1.005e+07 -1.149e+07  -1.17e+08  -3.65e+08 -1.047e+08 -2.074e+08 -3.077e+08 -2.748e+08 -5.305e+08 -3.824e+08 -4.735e+08 -4.167e+08 -3.636e+08 -1.686e+08 -1.868e+08 -3.971e+09 -2.606e+08 -3.412e+08 -8.741e+08 -8.812e+08     -4e+07 -1.555e+08 -2.705e+08 -2.461e+08 -1.837e+08 -7.728e+07  -2.41e+07 -1.961e+07 -2.296e+07 -1.356e+08 -9.227e+07 -2.285e+07 -8.964e+07 -1.822e+08 -1.601e+08 -1.261e+08 -1.638e+08 -6.934e+07 -1.547e+08  -6.95e+07 -6.671e+07 -4.069e+07  -5.21e+07 -8.066e+07 -7.731e+07 -2.223e+08 -4.387e+07   -1.7e+08 -8.688e+07 -1.631e+08 -1.088e+08  -8.31e+07 -1.912e+07 -2.183e+07 -6.096e+07 -6.021e+07 -1.214e+08 -4.562e+07 -3.846e+07 -3.086e+07 -6.327e+06 -1.393e+07 -9.816e+07 -4.635e+07 -3.443e+07  -1.17e+07 -1.918e+07 -7.573e+06   -3.1e+07   -3.6e+06 -1.846e+07 -2.399e+06 -2.894e+07 -2.616e+06  1.021e+06  2.678e+06  -1.01e+07 -1.757e+07  -5.19e+07  7.391e+06  6.074e+06   3.59e+06  4.628e+06 -8.941e+07 -3.631e+07 -3.738e+07  1.487e+06 -1.332e+06  3.996e+06 -6.404e+06 -1.603e+07  -6.45e+06  -1.01e+07 -1.675e+07  7.723e+06 -6.453e+06 -3.138e+07  1.807e+05  5.898e+06  8.233e+05   2.01e+06 -7.457e+06 -4.224e+07 -1.141e+07 -5.645e+06 -1.401e+07  3.187e+05 -1.078e+07 -9.589e+06 -4.852e+05  4.901e+06 -1.677e+07 -2.988e+06   -1.8e+06  1.959e+05  7.885e+06  7.457e+06  -1.44e+07 -1.275e+07 -1.909e+07 -1.618e+07  2.205e+06 -2.092e+07 -6.506e+06  1.324e+06    1.1e+06 -8.136e+06 -5.567e+06  -1.55e+06 -1.553e+07 -1.543e+06 -4.517e+06 -9.218e+06  4.987e+06 -1.007e+08 -4.228e+07 -4.292e+07 -6.714e+07 -1.898e+07
  4.308e+06  8.114e+06 -1.934e+07  -2.93e+06 -4.557e+07 -8.557e+07 -1.801e+08 -4.692e+08 -8.427e+07 -9.882e+07 -4.188e+08 -4.694e+08 -5.999e+08 -4.256e+08 -4.786e+08 -2.463e+08 -3.325e+08 -2.606e+08 -4.396e+09 -1.609e+08 -4.837e+08 -8.606e+08 -4.463e+07  -1.48e+08 -6.049e+08 -1.779e+08 -3.108e+08 -1.415e+08 -4.313e+07 -6.112e+07 -1.101e+07 -1.139e+08 -2.506e+08 -7.536e+07 -8.815e+07 -2.242e+08 -1.067e+08 -1.394e+08 -1.156e+08 -8.662e+07 -9.725e+07 -6.639e+07  -2.39e+07 -6.842e+07 -6.819e+07 -4.891e+07 -1.017e+08 -1.542e+08 -1.115e+08 -1.853e+08 -7.848e+07 -4.161e+07 -1.206e+08 -1.431e+08 -1.022e+08 -1.634e+08 -6.673e+07 -5.564e+07 -3.728e+07 -1.578e+07 -4.023e+07 -7.925e+07 -5.178e+07  1.532e+06 -4.511e+07 -2.864e+07 -5.794e+07 -1.846e+08 -1.557e+07 -2.386e+07 -9.967e+06 -8.218e+06 -8.079e+06   5.35e+06 -4.321e+06 -7.815e+06 -7.018e+06 -7.138e+06 -1.292e+07 -3.388e+06 -2.885e+07 -6.122e+07  8.203e+06 -2.045e+06 -2.517e+06 -7.372e+07  7.672e+06 -2.647e+06 -3.363e+07 -1.221e+07  2.049e+06 -2.097e+06 -1.563e+06 -9.538e+06 -1.922e+07 -5.529e+07 -5.127e+07  6.584e+06 -1.138e+07 -1.979e+07  3.402e+06 -4.133e+07  7.704e+06   1.24e+06 -2.447e+07 -1.405e+07 -1.101e+07 -8.137e+06 -1.013e+07 -3.244e+07 -4.111e+06  5.477e+06 -7.098e+04 -7.148e+06  7.416e+06  3.488e+06  3.632e+06 -1.485e+07  7.438e+06  8.324e+06  3.496e+06 -1.864e+06 -1.652e+07 -2.906e+07 -5.908e+06 -2.855e+07  3.362e+05  3.769e+06 -6.712e+05 -1.172e+07  6.839e+05 -2.761e+07  6.967e+06 -4.058e+06 -4.992e+07 -1.642e+07 -1.704e+07  7.193e+06   7.32e+06 -2.687e+07 -2.003e+07
 -1.106e+06  8.212e+06 -3.683e+06 -1.456e+07 -1.815e+07 -3.158e+08  -7.16e+07 -1.265e+08 -2.562e+08 -2.275e+08 -5.151e+08 -5.906e+08 -3.296e+08 -5.549e+08 -1.964e+08 -2.297e+08 -2.788e+08 -3.412e+08 -1.609e+08 -3.811e+09 -3.934e+08 -3.753e+08 -1.018e+08 -1.885e+08 -2.058e+08 -1.925e+08 -3.202e+08 -1.146e+08 -5.153e+07 -1.288e+08 -1.186e+08 -1.756e+08 -1.992e+08 -5.294e+07 -9.238e+07 -7.683e+07  -9.07e+07  -3.63e+08 -1.075e+08 -1.048e+08 -6.493e+07 -1.125e+08  -1.03e+08 -9.873e+07 -1.172e+08 -2.294e+07 -4.218e+07 -2.226e+07 -9.758e+06 -1.723e+07 -2.044e+08 -1.299e+08 -7.522e+07 -1.409e+08  -2.07e+07  -1.64e+08 -1.472e+08 -5.489e+07 -8.019e+07 -2.219e+07 -2.386e+07 -3.597e+07 -3.298e+07 -5.191e+06 -3.045e+07 -7.519e+07  -7.63e+07 -5.995e+07 -7.998e+07  1.039e+06 -2.111e+07 -2.247e+07 -2.715e+07  7.792e+06  1.597e+06   7.15e+04 -1.304e+07  2.027e+05  4.955e+06  6.279e+06 -3.581e+07 -3.605e+07 -1.133e+07  7.917e+06   7.86e+06  8.055e+06  7.554e+06  4.104e+05 -1.438e+04 -1.227e+06 -8.401e+06  -2.36e+07 -4.717e+06 -1.417e+07   1.88e+06 -3.251e+06 -5.929e+07 -3.146e+07 -1.438e+07 -2.586e+07 -9.559e+07 -5.276e+06  1.883e+06 -2.951e+07 -2.055e+07 -1.292e+07  5.402e+06  6.387e+05 -3.299e+06 -5.148e+06 -5.669e+06  1.532e+06  4.187e+06  1.529e+06 -1.763e+07 -7.773e+06 -3.069e+06   7.89e+06 -4.218e+06 -1.013e+07  4.258e+06 -6.203e+06  -3.35e+06 -3.185e+07 -2.658e+07 -1.877e+07 -1.382e+07 -1.304e+06  6.506e+06 -9.386e+06  -1.53e+07 -6.093e+05 -6.179e+06  1.274e+06  6.734e+06   7.58e+06 -8.107e+07   -7.7e+07  7.272e+06 -7.304e+06  4.689e+06
  8.862e+06  8.504e+06   -2.8e+07 -1.677e+08 -3.859e+08 -1.393e+09 -4.842e+07 -2.411e+09 -5.517e+08 -1.736e+08 -1.017e+09 -3.224e+08 -1.094e+09 -2.499e+09 -2.124e+09 -1.735e+08   -6.6e+08 -8.741e+08 -4.837e+08 -3.934e+08 -3.324e+10 -1.315e+09  -1.19e+08 -5.904e+08 -1.507e+09 -2.178e+08 -4.257e+08 -3.559e+07 -8.291e+07 -8.431e+07 -8.517e+07 -1.703e+08 -1.055e+08 -2.378e+07 -6.101e+07 -4.437e+08 -3.675e+08 -1.228e+07 -6.293e+08 -3.263e+07 -1.532e+08 -4.206e+08 -2.861e+08  -2.96e+08 -4.662e+07 -4.289e+08 -2.793e+08 -3.723e+08 -1.313e+08 -2.492e+08 -2.675e+08  -2.89e+08 -1.086e+08 -1.096e+08  -1.19e+08  -8.97e+07 -4.046e+08  -4.65e+07 -7.736e+07 -8.997e+07 -1.084e+08 -1.343e+08  4.731e+06 -1.273e+07 -2.337e+07 -1.822e+08 -2.284e+08 -7.645e+06  5.209e+06 -8.778e+06 -2.337e+08 -2.187e+07 -7.004e+05  4.425e+06  7.526e+06 -1.607e+07 -3.331e+07   5.72e+05 -3.055e+07  8.689e+06   8.89e+06  6.271e+06 -2.224e+06  8.655e+06  8.588e+06 -3.041e+07  8.643e+06  8.497e+06  8.314e+06  8.236e+06 -3.536e+07 -2.926e+07  8.186e+06  5.828e+06 -2.014e+07  8.067e+06 -2.678e+08   6.98e+06  2.678e+06  8.035e+06   7.72e+06  6.247e+06  8.598e+06  7.138e+06  8.331e+06  8.335e+06  -6.63e+06 -7.054e+06 -3.172e+07  8.489e+06 -1.017e+07  4.636e+06  -8.94e+06 -6.242e+07 -7.956e+07 -3.542e+07   8.72e+06  8.702e+06  8.829e+06  5.649e+06 -5.716e+07 -8.436e+07  8.589e+06 -2.884e+07 -4.431e+07 -1.693e+07  7.784e+06  5.722e+06  2.253e+06  1.706e+06  8.618e+06 -5.637e+07 -9.439e+07 -1.914e+07 -1.565e+07   7.87e+06 -1.184e+08  6.906e+06  7.989e+06 -5.715e+07  -4.48e+07
